File Version;BWSpec4.03_23_C
Date;2016-12-02 15:27:23
title;OOQ
model;BTC264P-1064S-512-SY
c code;OOQ
operator;
port1;0
baud1;3
pixel_start;0
pixel_end;511
step;1
units;3
bkcolor;16777215
show_mode;3
data_mode;0
pixel_mode;0
intigration times(ms);10000
average number;3
time_multiply;1
spectrometer_type ;69
yaxis;1
yaxis_min;0
yaxis_max;65535
xaxis;1
xaxis_min;57
xaxis_max;485
irrands_DispWLMin;100
irrands_DispWLMax;1000
yaxis_min_6;0
yaxis_max_6;0
irradiance_unit;0
Color_Data_Flag;0
Color_StartWL;1047
Color_EndWL;1047
Color_IncWL;10
power_unit_index;3
photometric_index;0
Illuminant_index;3
observer_index;0
lab_l;0
lab_a;0
lab_b;0
radiometric_flag;0
coefs_a0;1046.24128246353
coefs_a1;0.823573912287285
coefs_a2;-1.46846754231925E-05
coefs_a3;7.81270546723139E-08
coefs_b0;-1068.71157857918
coefs_b1;0.657654928142611
coefs_b2;0.000510871962843009
coefs_b3;-1.55922148884732E-07
coefs_r0;1
coefs_r1;0
coefs_r2;0
coefs_r3;0
coefs_j0;1
coefs_j1;0
coefs_j2;0
coefs_j3;0
enable_coefs_r;0
all_data_save;1
select_option;-1
interval_time;10000
pixel_num;512
sel_pixel_start;1
sel_pixel_end;511
sel_pixel_delta;1
dark_compensate;0
dark_compensate_value_1;0
dark_compensate_value_2;0
dark_compensate_value_3;0
monitor pixel_0;0
monitor pixel_1;0
monitor pixel_2;0
monitor pixel_3;0
monitor pixel_4;0
monitor pixel_5;0
vertical_select_flag;0
vertical_line3;44
vertical_line4;44
vertical_line3_wv;349.610890369397
vertical_line4_wv;349.610890369397
vertical_line_flag;0
vertical_line_ratio;0
laser_wavelength;1064.4
laser_powerlevel;100
overlay_js;0
Relative Intensity Correction Flag;0
Pixel;Wavelength;Wavenumber;Raman Shift;Dark;Reference;Raw data #1;Dark Subtracted #1;%TR #1;Absorbance #1;Irradiance (lumen) #1;
0;   ;   ;   ;3036.6667;65535.0000;3172.3333;135.6667;0.0000;0.0000;0.0000;
1;   ;   ;   ;3372.0000;65535.0000;3405.6667;33.6667;0.0000;0.0000;0.0000;
2;   ;   ;   ;3150.0000;65535.0000;3138.0000;-12.0000;0.0000;0.0000;0.0000;
3;   ;   ;   ;3271.6667;65535.0000;3277.0000;5.3333;0.0000;0.0000;0.0000;
4;   ;   ;   ;3144.6667;65535.0000;3140.0000;-4.6667;0.0000;0.0000;0.0000;
5;   ;   ;   ;3458.3333;65535.0000;3478.3333;20.0000;0.0000;0.0000;0.0000;
6;   ;   ;   ;2663.6667;65535.0000;2649.3333;-14.3333;0.0000;0.0000;0.0000;
7;   ;   ;   ;3447.3333;65535.0000;3411.6667;-35.6667;0.0000;0.0000;0.0000;
8;   ;   ;   ;2597.0000;65535.0000;2608.6667;11.6667;0.0000;0.0000;0.0000;
9;   ;   ;   ;3341.6667;65535.0000;3355.6667;14.0000;0.0000;0.0000;0.0000;
10;   ;   ;   ;3313.0000;65535.0000;3293.6667;-19.3333;0.0000;0.0000;0.0000;
11;   ;   ;   ;3198.6667;65535.0000;3180.6667;-18.0000;0.0000;0.0000;0.0000;
12;   ;   ;   ;3017.3333;65535.0000;3030.3333;13.0000;0.0000;0.0000;0.0000;
13;   ;   ;   ;3139.6667;65535.0000;3184.6667;45.0000;0.0000;0.0000;0.0000;
14;   ;   ;   ;3122.3333;65535.0000;3126.3333;4.0000;0.0000;0.0000;0.0000;
15;   ;   ;   ;3323.6667;65535.0000;3325.3333;1.6667;0.0000;0.0000;0.0000;
16;   ;   ;   ;3404.6667;65535.0000;3398.3333;-6.3333;0.0000;0.0000;0.0000;
17;   ;   ;   ;3076.0000;65535.0000;3042.0000;-34.0000;0.0000;0.0000;0.0000;
18;   ;   ;   ;2869.6667;65535.0000;2913.6667;44.0000;0.0000;0.0000;0.0000;
19;   ;   ;   ;3836.0000;65535.0000;3972.0000;136.0000;0.0000;0.0000;0.0000;
20;   ;   ;   ;3295.3333;65535.0000;4633.6667;1338.3333;0.0000;0.0000;0.0000;
21;   ;   ;   ;3041.3333;65535.0000;7012.3333;3971.0000;0.0000;0.0000;0.0000;
22;   ;   ;   ;3273.3333;65535.0000;7082.0000;3808.6667;0.0000;0.0000;0.0000;
23;   ;   ;   ;3248.6667;65535.0000;5655.0000;2406.3333;0.0000;0.0000;0.0000;
24;   ;   ;   ;2502.6667;65535.0000;2779.0000;276.3333;0.0000;0.0000;0.0000;
25;   ;   ;   ;3520.3333;65535.0000;3574.0000;53.6667;0.0000;0.0000;0.0000;
26;   ;   ;   ;2936.0000;65535.0000;2947.3333;11.3333;0.0000;0.0000;0.0000;
27;   ;   ;   ;3322.3333;65535.0000;3349.0000;26.6667;0.0000;0.0000;0.0000;
28;   ;   ;   ;2939.0000;65535.0000;2956.3333;17.3333;0.0000;0.0000;0.0000;
29;   ;   ;   ;3325.0000;65535.0000;3371.0000;46.0000;0.0000;0.0000;0.0000;
30;   ;   ;   ;2965.3333;65535.0000;3043.6667;78.3333;0.0000;0.0000;0.0000;
31;   ;   ;   ;3242.3333;65535.0000;3622.0000;379.6667;0.0000;0.0000;0.0000;
32;   ;   ;   ;3248.6667;65535.0000;4297.3333;1048.6667;0.0000;0.0000;0.0000;
33;   ;   ;   ;3434.6667;65535.0000;5096.3333;1661.6667;0.0000;0.0000;0.0000;
34;   ;   ;   ;3047.0000;65535.0000;5136.0000;2089.0000;0.0000;0.0000;0.0000;
35;   ;   ;   ;3707.0000;65535.0000;5742.3333;2035.3333;0.0000;0.0000;0.0000;
36;   ;   ;   ;3109.6667;65535.0000;5016.6667;1907.0000;0.0000;0.0000;0.0000;
37;   ;   ;   ;3566.3333;65535.0000;5261.0000;1694.6667;0.0000;0.0000;0.0000;
38;   ;   ;   ;3226.3333;65535.0000;4731.3333;1505.0000;0.0000;0.0000;0.0000;
39;   ;   ;   ;3207.0000;65535.0000;4595.3333;1388.3333;0.0000;0.0000;0.0000;
40;   ;   ;   ;3197.6667;65535.0000;4451.6667;1254.0000;0.0000;0.0000;0.0000;
41;   ;   ;   ;3557.3333;65535.0000;4710.3333;1153.0000;0.0000;0.0000;0.0000;
42;   ;   ;   ;3688.6667;65535.0000;4781.6667;1093.0000;0.0000;0.0000;0.0000;
43;   ;   ;   ;3116.6667;65535.0000;4130.0000;1013.3333;0.0000;0.0000;0.0000;
44;   ;   ;   ;3428.3333;65535.0000;4407.6667;979.3333;0.0000;0.0000;0.0000;
45;   ;   ;   ;3198.3333;65535.0000;4093.0000;894.6667;0.0000;0.0000;0.0000;
46;   ;   ;   ;3372.6667;65535.0000;4203.0000;830.3333;0.0000;0.0000;0.0000;
47;   ;   ;   ;3500.0000;65535.0000;4374.6667;874.6667;0.0000;0.0000;0.0000;
48;   ;   ;   ;3172.6667;65535.0000;3963.3333;790.6667;0.0000;0.0000;0.0000;
49;   ;   ;   ;3171.0000;65535.0000;3917.6667;746.6667;0.0000;0.0000;0.0000;
50;   ;   ;   ;3228.3333;65535.0000;3943.6667;715.3333;0.0000;0.0000;0.0000;
51;   ;   ;   ;3514.0000;65535.0000;4179.3333;665.3333;0.0000;0.0000;0.0000;
52;   ;   ;   ;3336.6667;65535.0000;3996.0000;659.3333;0.0000;0.0000;0.0000;
53;   ;   ;   ;3184.0000;65535.0000;3804.0000;620.0000;0.0000;0.0000;0.0000;
54;   ;   ;   ;2762.6667;65535.0000;3343.3333;580.6667;0.0000;0.0000;0.0000;
55;   ;   ;   ;3227.0000;65535.0000;3850.0000;623.0000;0.0000;0.0000;0.0000;
56;   ;   ;   ;3545.3333;65535.0000;4090.0000;544.6667;0.0000;0.0000;0.0000;
57;1093.15;9147.86;247.10;3655.3333;65535.0000;4153.3333;498.0000;0.0000;0.0000;0.0000;
58;1093.97;9140.98;253.98;3134.6667;65535.0000;3614.3333;479.6667;0.0000;0.0000;0.0000;
59;1094.80;9134.11;260.85;3465.0000;65535.0000;3930.0000;465.0000;0.0000;0.0000;0.0000;
60;1095.62;9127.25;267.71;3364.3333;65535.0000;3823.3333;459.0000;0.0000;0.0000;0.0000;
61;1096.44;9120.41;274.56;3092.0000;65535.0000;3483.3333;391.3333;0.0000;0.0000;0.0000;
62;1097.27;9113.57;281.40;3332.3333;65535.0000;3719.6667;387.3333;0.0000;0.0000;0.0000;
63;1098.09;9106.74;288.22;3703.3333;65535.0000;4090.0000;386.6667;0.0000;0.0000;0.0000;
64;1098.91;9099.92;295.04;3176.0000;65535.0000;3565.6667;389.6667;0.0000;0.0000;0.0000;
65;1099.73;9093.12;301.85;3144.0000;65535.0000;3501.0000;357.0000;0.0000;0.0000;0.0000;
66;1100.56;9086.32;308.65;3272.6667;65535.0000;3650.0000;377.3333;0.0000;0.0000;0.0000;
67;1101.38;9079.53;315.43;3626.6667;65535.0000;3968.0000;341.3333;0.0000;0.0000;0.0000;
68;1102.20;9072.76;322.21;3098.6667;65535.0000;3446.0000;347.3333;0.0000;0.0000;0.0000;
69;1103.02;9065.99;328.98;3577.0000;65535.0000;3896.3333;319.3333;0.0000;0.0000;0.0000;
70;1103.85;9059.23;335.73;3196.6667;65535.0000;3475.3333;278.6667;0.0000;0.0000;0.0000;
71;1104.67;9052.49;342.48;3678.6667;65535.0000;4005.6667;327.0000;0.0000;0.0000;0.0000;
72;1105.49;9045.75;349.22;3292.6667;65535.0000;3582.3333;289.6667;0.0000;0.0000;0.0000;
73;1106.31;9039.02;355.94;3727.6667;65535.0000;4024.0000;296.3333;0.0000;0.0000;0.0000;
74;1107.14;9032.31;362.66;3099.6667;65535.0000;3386.0000;286.3333;0.0000;0.0000;0.0000;
75;1107.96;9025.60;369.37;3400.6667;65535.0000;3694.6667;294.0000;0.0000;0.0000;0.0000;
76;1108.78;9018.90;376.06;3283.0000;65535.0000;3575.6667;292.6667;0.0000;0.0000;0.0000;
77;1109.61;9012.22;382.75;3316.3333;65535.0000;3614.3333;298.0000;0.0000;0.0000;0.0000;
78;1110.43;9005.54;389.43;3435.3333;65535.0000;3706.3333;271.0000;0.0000;0.0000;0.0000;
79;1111.25;8998.87;396.09;3899.6667;65535.0000;4161.6667;262.0000;0.0000;0.0000;0.0000;
80;1112.07;8992.21;402.75;3271.6667;65535.0000;3567.3333;295.6667;0.0000;0.0000;0.0000;
81;1112.90;8985.57;409.40;3411.0000;65535.0000;3709.3333;298.3333;0.0000;0.0000;0.0000;
82;1113.72;8978.93;416.04;3114.6667;65535.0000;3440.6667;326.0000;0.0000;0.0000;0.0000;
83;1114.54;8972.30;422.66;3664.0000;65535.0000;3975.3333;311.3333;0.0000;0.0000;0.0000;
84;1115.36;8965.68;429.28;3331.0000;65535.0000;3591.3333;260.3333;0.0000;0.0000;0.0000;
85;1116.19;8959.07;435.89;3692.6667;65535.0000;3950.6667;258.0000;0.0000;0.0000;0.0000;
86;1117.01;8952.47;442.49;3396.6667;65535.0000;3687.0000;290.3333;0.0000;0.0000;0.0000;
87;1117.83;8945.88;449.08;3362.6667;65535.0000;3618.3333;255.6667;0.0000;0.0000;0.0000;
88;1118.66;8939.30;455.66;3092.0000;65535.0000;3360.3333;268.3333;0.0000;0.0000;0.0000;
89;1119.48;8932.73;462.23;3219.3333;65535.0000;3515.3333;296.0000;0.0000;0.0000;0.0000;
90;1120.30;8926.17;468.79;2951.3333;65535.0000;3201.0000;249.6667;0.0000;0.0000;0.0000;
91;1121.12;8919.62;475.34;3547.0000;65535.0000;3836.3333;289.3333;0.0000;0.0000;0.0000;
92;1121.95;8913.08;481.88;3539.0000;65535.0000;3776.0000;237.0000;0.0000;0.0000;0.0000;
93;1122.77;8906.55;488.42;3534.6667;65535.0000;3851.6667;317.0000;0.0000;0.0000;0.0000;
94;1123.59;8900.02;494.94;2948.0000;65535.0000;3238.3333;290.3333;0.0000;0.0000;0.0000;
95;1124.42;8893.51;501.45;3772.0000;65535.0000;4036.0000;264.0000;0.0000;0.0000;0.0000;
96;1125.24;8887.01;507.96;3495.3333;65535.0000;3732.3333;237.0000;0.0000;0.0000;0.0000;
97;1126.06;8880.51;514.45;3725.3333;65535.0000;3985.6667;260.3333;0.0000;0.0000;0.0000;
98;1126.88;8874.03;520.94;3141.0000;65535.0000;3399.0000;258.0000;0.0000;0.0000;0.0000;
99;1127.71;8867.55;527.41;3397.0000;65535.0000;3644.0000;247.0000;0.0000;0.0000;0.0000;
100;1128.53;8861.09;533.88;3120.3333;65535.0000;3367.0000;246.6667;0.0000;0.0000;0.0000;
101;1129.35;8854.63;540.34;3359.0000;65535.0000;3617.0000;258.0000;0.0000;0.0000;0.0000;
102;1130.18;8848.18;546.78;2796.3333;65535.0000;3013.0000;216.6667;0.0000;0.0000;0.0000;
103;1131.00;8841.74;553.22;3267.6667;65535.0000;3435.6667;168.0000;0.0000;0.0000;0.0000;
104;1131.82;8835.31;559.65;3078.3333;65535.0000;3311.3333;233.0000;0.0000;0.0000;0.0000;
105;1132.65;8828.89;566.07;3624.0000;65535.0000;3819.0000;195.0000;0.0000;0.0000;0.0000;
106;1133.47;8822.48;572.48;2767.3333;65535.0000;2979.3333;212.0000;0.0000;0.0000;0.0000;
107;1134.29;8816.08;578.89;3332.3333;65535.0000;3531.0000;198.6667;0.0000;0.0000;0.0000;
108;1135.11;8809.68;585.28;3175.3333;65535.0000;3398.0000;222.6667;0.0000;0.0000;0.0000;
109;1135.94;8803.30;591.66;2725.0000;65535.0000;2934.6667;209.6667;0.0000;0.0000;0.0000;
110;1136.76;8796.93;598.04;3325.6667;65535.0000;3544.6667;219.0000;0.0000;0.0000;0.0000;
111;1137.58;8790.56;604.40;3623.0000;65535.0000;3814.3333;191.3333;0.0000;0.0000;0.0000;
112;1138.41;8784.20;610.76;3432.0000;65535.0000;3659.0000;227.0000;0.0000;0.0000;0.0000;
113;1139.23;8777.86;617.11;3215.0000;65535.0000;3402.3333;187.3333;0.0000;0.0000;0.0000;
114;1140.05;8771.52;623.45;3456.6667;65535.0000;3656.0000;199.3333;0.0000;0.0000;0.0000;
115;1140.88;8765.19;629.78;3588.6667;65535.0000;3792.0000;203.3333;0.0000;0.0000;0.0000;
116;1141.70;8758.87;636.10;3163.3333;65535.0000;3331.6667;168.3333;0.0000;0.0000;0.0000;
117;1142.52;8752.55;642.41;3445.3333;65535.0000;3621.6667;176.3333;0.0000;0.0000;0.0000;
118;1143.35;8746.25;648.71;2961.0000;65535.0000;3156.0000;195.0000;0.0000;0.0000;0.0000;
119;1144.17;8739.96;655.01;3723.6667;65535.0000;3904.6667;181.0000;0.0000;0.0000;0.0000;
120;1144.99;8733.67;661.29;3434.0000;65535.0000;3631.6667;197.6667;0.0000;0.0000;0.0000;
121;1145.82;8727.40;667.57;3680.3333;65535.0000;3855.6667;175.3333;0.0000;0.0000;0.0000;
122;1146.64;8721.13;673.84;3226.0000;65535.0000;3401.0000;175.0000;0.0000;0.0000;0.0000;
123;1147.46;8714.87;680.09;3537.0000;65535.0000;3723.6667;186.6667;0.0000;0.0000;0.0000;
124;1148.29;8708.62;686.34;3127.0000;65535.0000;3308.0000;181.0000;0.0000;0.0000;0.0000;
125;1149.11;8702.38;692.59;3659.3333;65535.0000;3855.0000;195.6667;0.0000;0.0000;0.0000;
126;1149.93;8696.15;698.82;3113.3333;65535.0000;3297.3333;184.0000;0.0000;0.0000;0.0000;
127;1150.76;8689.92;705.04;3574.0000;65535.0000;3746.3333;172.3333;0.0000;0.0000;0.0000;
128;1151.58;8683.71;711.26;3051.0000;65535.0000;3228.3333;177.3333;0.0000;0.0000;0.0000;
129;1152.41;8677.50;717.46;3606.3333;65535.0000;3815.0000;208.6667;0.0000;0.0000;0.0000;
130;1153.23;8671.30;723.66;3487.6667;65535.0000;3704.3333;216.6667;0.0000;0.0000;0.0000;
131;1154.05;8665.11;729.85;3568.3333;65535.0000;3740.3333;172.0000;0.0000;0.0000;0.0000;
132;1154.88;8658.93;736.03;3688.3333;65535.0000;3872.6667;184.3333;0.0000;0.0000;0.0000;
133;1155.70;8652.76;742.20;3526.3333;65535.0000;3663.0000;136.6667;0.0000;0.0000;0.0000;
134;1156.52;8646.60;748.37;3353.0000;65535.0000;3525.0000;172.0000;0.0000;0.0000;0.0000;
135;1157.35;8640.44;754.52;3659.6667;65535.0000;3860.3333;200.6667;0.0000;0.0000;0.0000;
136;1158.17;8634.29;760.67;3310.0000;65535.0000;3507.0000;197.0000;0.0000;0.0000;0.0000;
137;1159.00;8628.16;766.81;3578.6667;65535.0000;3774.6667;196.0000;0.0000;0.0000;0.0000;
138;1159.82;8622.03;772.94;3520.0000;65535.0000;3711.6667;191.6667;0.0000;0.0000;0.0000;
139;1160.64;8615.91;779.06;3544.3333;65535.0000;3698.6667;154.3333;0.0000;0.0000;0.0000;
140;1161.47;8609.79;785.17;3584.6667;65535.0000;3770.3333;185.6667;0.0000;0.0000;0.0000;
141;1162.29;8603.69;791.28;3405.3333;65535.0000;3601.6667;196.3333;0.0000;0.0000;0.0000;
142;1163.12;8597.59;797.37;3181.0000;65535.0000;3376.6667;195.6667;0.0000;0.0000;0.0000;
143;1163.94;8591.50;803.46;3604.3333;65535.0000;3815.6667;211.3333;0.0000;0.0000;0.0000;
144;1164.76;8585.42;809.54;3349.3333;65535.0000;3575.0000;225.6667;0.0000;0.0000;0.0000;
145;1165.59;8579.35;815.61;3844.3333;65535.0000;4109.6667;265.3333;0.0000;0.0000;0.0000;
146;1166.41;8573.29;821.67;3411.3333;65535.0000;3665.6667;254.3333;0.0000;0.0000;0.0000;
147;1167.24;8567.24;827.73;3214.0000;65535.0000;3475.6667;261.6667;0.0000;0.0000;0.0000;
148;1168.06;8561.19;833.77;3572.6667;65535.0000;3869.3333;296.6667;0.0000;0.0000;0.0000;
149;1168.89;8555.15;839.81;3139.3333;65535.0000;3454.0000;314.6667;0.0000;0.0000;0.0000;
150;1169.71;8549.12;845.84;3107.3333;65535.0000;3422.0000;314.6667;0.0000;0.0000;0.0000;
151;1170.54;8543.10;851.86;3151.6667;65535.0000;3548.0000;396.3333;0.0000;0.0000;0.0000;
152;1171.36;8537.09;857.88;3614.3333;65535.0000;3995.3333;381.0000;0.0000;0.0000;0.0000;
153;1172.18;8531.08;863.88;3483.6667;65535.0000;3896.0000;412.3333;0.0000;0.0000;0.0000;
154;1173.01;8525.09;869.88;2987.0000;65535.0000;3357.0000;370.0000;0.0000;0.0000;0.0000;
155;1173.83;8519.10;875.87;3384.3333;65535.0000;3796.3333;412.0000;0.0000;0.0000;0.0000;
156;1174.66;8513.12;881.85;3545.3333;65535.0000;3902.3333;357.0000;0.0000;0.0000;0.0000;
157;1175.48;8507.14;887.82;3615.3333;65535.0000;3950.6667;335.3333;0.0000;0.0000;0.0000;
158;1176.31;8501.18;893.79;3167.6667;65535.0000;3508.6667;341.0000;0.0000;0.0000;0.0000;
159;1177.13;8495.22;899.74;3607.6667;65535.0000;3927.0000;319.3333;0.0000;0.0000;0.0000;
160;1177.96;8489.27;905.69;2748.3333;65535.0000;3082.3333;334.0000;0.0000;0.0000;0.0000;
161;1178.78;8483.33;911.63;3541.6667;65535.0000;3848.3333;306.6667;0.0000;0.0000;0.0000;
162;1179.61;8477.40;917.56;3149.0000;65535.0000;3468.0000;319.0000;0.0000;0.0000;0.0000;
163;1180.43;8471.47;923.49;3428.6667;65535.0000;3745.0000;316.3333;0.0000;0.0000;0.0000;
164;1181.26;8465.56;929.41;3116.6667;65535.0000;3439.3333;322.6667;0.0000;0.0000;0.0000;
165;1182.08;8459.65;935.32;3415.6667;65535.0000;3728.3333;312.6667;0.0000;0.0000;0.0000;
166;1182.91;8453.75;941.22;3238.6667;65535.0000;3591.0000;352.3333;0.0000;0.0000;0.0000;
167;1183.73;8447.85;947.11;3209.0000;65535.0000;3537.6667;328.6667;0.0000;0.0000;0.0000;
168;1184.56;8441.97;952.99;3461.3333;65535.0000;3755.3333;294.0000;0.0000;0.0000;0.0000;
169;1185.38;8436.09;958.87;3485.6667;65535.0000;3816.0000;330.3333;0.0000;0.0000;0.0000;
170;1186.21;8430.22;964.74;3391.3333;65535.0000;3706.6667;315.3333;0.0000;0.0000;0.0000;
171;1187.03;8424.36;970.60;3637.6667;65535.0000;3941.6667;304.0000;0.0000;0.0000;0.0000;
172;1187.86;8418.51;976.46;3374.3333;65535.0000;3691.0000;316.6667;0.0000;0.0000;0.0000;
173;1188.68;8412.66;982.30;3572.3333;65535.0000;3852.0000;279.6667;0.0000;0.0000;0.0000;
174;1189.51;8406.82;988.14;3231.3333;65535.0000;3515.0000;283.6667;0.0000;0.0000;0.0000;
175;1190.34;8400.99;993.97;3373.0000;65535.0000;3598.3333;225.3333;0.0000;0.0000;0.0000;
176;1191.16;8395.17;999.80;3327.3333;65535.0000;3604.3333;277.0000;0.0000;0.0000;0.0000;
177;1191.99;8389.35;1005.61;3362.0000;65535.0000;3634.0000;272.0000;0.0000;0.0000;0.0000;
178;1192.81;8383.55;1011.42;2850.0000;65535.0000;3171.6667;321.6667;0.0000;0.0000;0.0000;
179;1193.64;8377.75;1017.22;3791.0000;65535.0000;4131.3333;340.3333;0.0000;0.0000;0.0000;
180;1194.46;8371.95;1023.01;3405.0000;65535.0000;3704.0000;299.0000;0.0000;0.0000;0.0000;
181;1195.29;8366.17;1028.80;3802.3333;65535.0000;4117.6667;315.3333;0.0000;0.0000;0.0000;
182;1196.12;8360.39;1034.57;3542.0000;65535.0000;3852.6667;310.6667;0.0000;0.0000;0.0000;
183;1196.94;8354.62;1040.34;3067.3333;65535.0000;3404.6667;337.3333;0.0000;0.0000;0.0000;
184;1197.77;8348.86;1046.10;3472.6667;65535.0000;3780.3333;307.6667;0.0000;0.0000;0.0000;
185;1198.59;8343.10;1051.86;3540.0000;65535.0000;3873.6667;333.6667;0.0000;0.0000;0.0000;
186;1199.42;8337.36;1057.61;2774.6667;65535.0000;3120.3333;345.6667;0.0000;0.0000;0.0000;
187;1200.25;8331.62;1063.35;3275.6667;65535.0000;3690.6667;415.0000;0.0000;0.0000;0.0000;
188;1201.07;8325.89;1069.08;3418.3333;65535.0000;3789.3333;371.0000;0.0000;0.0000;0.0000;
189;1201.90;8320.16;1074.80;2896.3333;65535.0000;3303.0000;406.6667;0.0000;0.0000;0.0000;
190;1202.73;8314.45;1080.52;3113.3333;65535.0000;3550.3333;437.0000;0.0000;0.0000;0.0000;
191;1203.55;8308.74;1086.23;3550.3333;65535.0000;3958.3333;408.0000;0.0000;0.0000;0.0000;
192;1204.38;8303.03;1091.93;2872.0000;65535.0000;3220.3333;348.3333;0.0000;0.0000;0.0000;
193;1205.21;8297.34;1097.63;3291.3333;65535.0000;3601.3333;310.0000;0.0000;0.0000;0.0000;
194;1206.03;8291.65;1103.31;3223.3333;65535.0000;3496.6667;273.3333;0.0000;0.0000;0.0000;
195;1206.86;8285.97;1108.99;3467.0000;65535.0000;3734.0000;267.0000;0.0000;0.0000;0.0000;
196;1207.69;8280.30;1114.67;3236.0000;65535.0000;3463.6667;227.6667;0.0000;0.0000;0.0000;
197;1208.51;8274.63;1120.33;3085.3333;65535.0000;3366.6667;281.3333;0.0000;0.0000;0.0000;
198;1209.34;8268.98;1125.99;3107.6667;65535.0000;3373.0000;265.3333;0.0000;0.0000;0.0000;
199;1210.17;8263.32;1131.64;3500.6667;65535.0000;3713.0000;212.3333;0.0000;0.0000;0.0000;
200;1210.99;8257.68;1137.28;3453.0000;65535.0000;3608.6667;155.6667;0.0000;0.0000;0.0000;
201;1211.82;8252.05;1142.92;3716.6667;65535.0000;3861.0000;144.3333;0.0000;0.0000;0.0000;
202;1212.65;8246.42;1148.55;3106.3333;65535.0000;3312.6667;206.3333;0.0000;0.0000;0.0000;
203;1213.48;8240.79;1154.17;3432.6667;65535.0000;3620.0000;187.3333;0.0000;0.0000;0.0000;
204;1214.30;8235.18;1159.78;3511.0000;65535.0000;3652.6667;141.6667;0.0000;0.0000;0.0000;
205;1215.13;8229.57;1165.39;3526.0000;65535.0000;3742.0000;216.0000;0.0000;0.0000;0.0000;
206;1215.96;8223.97;1170.99;3098.6667;65535.0000;3280.0000;181.3333;0.0000;0.0000;0.0000;
207;1216.78;8218.38;1176.58;3298.3333;65535.0000;3484.0000;185.6667;0.0000;0.0000;0.0000;
208;1217.61;8212.79;1182.17;3130.6667;65535.0000;3309.6667;179.0000;0.0000;0.0000;0.0000;
209;1218.44;8207.22;1187.75;3399.0000;65535.0000;3561.6667;162.6667;0.0000;0.0000;0.0000;
210;1219.27;8201.64;1193.32;3150.3333;65535.0000;3302.6667;152.3333;0.0000;0.0000;0.0000;
211;1220.10;8196.08;1198.88;3397.0000;65535.0000;3560.6667;163.6667;0.0000;0.0000;0.0000;
212;1220.92;8190.52;1204.44;2723.3333;65535.0000;2882.3333;159.0000;0.0000;0.0000;0.0000;
213;1221.75;8184.97;1209.99;3892.0000;65535.0000;4034.0000;142.0000;0.0000;0.0000;0.0000;
214;1222.58;8179.43;1215.54;3292.6667;65535.0000;3447.0000;154.3333;0.0000;0.0000;0.0000;
215;1223.41;8173.89;1221.07;3551.3333;65535.0000;3757.3333;206.0000;0.0000;0.0000;0.0000;
216;1224.24;8168.36;1226.60;3514.0000;65535.0000;3705.6667;191.6667;0.0000;0.0000;0.0000;
217;1225.06;8162.84;1232.12;3426.3333;65535.0000;3664.6667;238.3333;0.0000;0.0000;0.0000;
218;1225.89;8157.33;1237.64;2979.3333;65535.0000;3213.6667;234.3333;0.0000;0.0000;0.0000;
219;1226.72;8151.82;1243.15;3451.6667;65535.0000;3693.6667;242.0000;0.0000;0.0000;0.0000;
220;1227.55;8146.32;1248.65;2958.0000;65535.0000;3277.6667;319.6667;0.0000;0.0000;0.0000;
221;1228.38;8140.82;1254.14;3355.3333;65535.0000;3668.3333;313.0000;0.0000;0.0000;0.0000;
222;1229.21;8135.33;1259.63;3437.0000;65535.0000;3808.6667;371.6667;0.0000;0.0000;0.0000;
223;1230.03;8129.85;1265.11;3040.6667;65535.0000;3436.0000;395.3333;0.0000;0.0000;0.0000;
224;1230.86;8124.38;1270.58;3484.6667;65535.0000;3866.0000;381.3333;0.0000;0.0000;0.0000;
225;1231.69;8118.91;1276.05;3271.0000;65535.0000;3667.0000;396.0000;0.0000;0.0000;0.0000;
226;1232.52;8113.45;1281.51;3437.6667;65535.0000;3805.3333;367.6667;0.0000;0.0000;0.0000;
227;1233.35;8108.00;1286.96;3388.3333;65535.0000;3736.3333;348.0000;0.0000;0.0000;0.0000;
228;1234.18;8102.55;1292.41;3327.0000;65535.0000;3737.3333;410.3333;0.0000;0.0000;0.0000;
229;1235.01;8097.11;1297.85;3683.6667;65535.0000;4144.0000;460.3333;0.0000;0.0000;0.0000;
230;1235.84;8091.68;1303.28;2932.3333;65535.0000;3441.6667;509.3333;0.0000;0.0000;0.0000;
231;1236.67;8086.26;1308.71;3777.6667;65535.0000;4255.3333;477.6667;0.0000;0.0000;0.0000;
232;1237.50;8080.84;1314.13;3462.0000;65535.0000;3820.0000;358.0000;0.0000;0.0000;0.0000;
233;1238.33;8075.42;1319.54;2967.6667;65535.0000;3323.3333;355.6667;0.0000;0.0000;0.0000;
234;1239.15;8070.02;1324.95;3467.6667;65535.0000;3755.3333;287.6667;0.0000;0.0000;0.0000;
235;1239.98;8064.62;1330.34;2941.3333;65535.0000;3179.3333;238.0000;0.0000;0.0000;0.0000;
236;1240.81;8059.23;1335.74;3644.0000;65535.0000;3870.3333;226.3333;0.0000;0.0000;0.0000;
237;1241.64;8053.84;1341.12;3479.3333;65535.0000;3684.6667;205.3333;0.0000;0.0000;0.0000;
238;1242.47;8048.46;1346.50;3300.6667;65535.0000;3520.6667;220.0000;0.0000;0.0000;0.0000;
239;1243.30;8043.09;1351.87;3554.6667;65535.0000;3761.3333;206.6667;0.0000;0.0000;0.0000;
240;1244.13;8037.72;1357.24;2859.3333;65535.0000;3015.3333;156.0000;0.0000;0.0000;0.0000;
241;1244.96;8032.37;1362.60;2996.6667;65535.0000;3162.3333;165.6667;0.0000;0.0000;0.0000;
242;1245.79;8027.01;1367.95;3250.0000;65535.0000;3403.6667;153.6667;0.0000;0.0000;0.0000;
243;1246.62;8021.67;1373.30;3561.0000;65535.0000;3707.0000;146.0000;0.0000;0.0000;0.0000;
244;1247.45;8016.33;1378.64;3308.3333;65535.0000;3481.3333;173.0000;0.0000;0.0000;0.0000;
245;1248.28;8010.99;1383.97;3437.6667;65535.0000;3541.6667;104.0000;0.0000;0.0000;0.0000;
246;1249.11;8005.67;1389.30;3461.0000;65535.0000;3571.0000;110.0000;0.0000;0.0000;0.0000;
247;1249.95;8000.35;1394.62;3500.6667;65535.0000;3685.6667;185.0000;0.0000;0.0000;0.0000;
248;1250.78;7995.04;1399.93;2989.3333;65535.0000;3146.6667;157.3333;0.0000;0.0000;0.0000;
249;1251.61;7989.73;1405.24;3329.6667;65535.0000;3527.0000;197.3333;0.0000;0.0000;0.0000;
250;1252.44;7984.43;1410.54;3116.6667;65535.0000;3307.3333;190.6667;0.0000;0.0000;0.0000;
251;1253.27;7979.14;1415.83;3579.0000;65535.0000;3780.3333;201.3333;0.0000;0.0000;0.0000;
252;1254.10;7973.85;1421.12;3284.6667;65535.0000;3555.6667;271.0000;0.0000;0.0000;0.0000;
253;1254.93;7968.57;1426.40;3729.3333;65535.0000;4010.3333;281.0000;0.0000;0.0000;0.0000;
254;1255.76;7963.29;1431.67;3562.3333;65535.0000;4008.0000;445.6667;0.0000;0.0000;0.0000;
255;1256.59;7958.02;1436.94;3487.0000;65535.0000;4135.6667;648.6667;0.0000;0.0000;0.0000;
256;1257.42;7952.76;1442.20;3166.6667;65535.0000;3858.6667;692.0000;0.0000;0.0000;0.0000;
257;1258.26;7947.51;1447.46;3595.3333;65535.0000;4252.0000;656.6667;0.0000;0.0000;0.0000;
258;1259.09;7942.26;1452.71;3290.0000;65535.0000;3919.3333;629.3333;0.0000;0.0000;0.0000;
259;1259.92;7937.02;1457.95;3429.0000;65535.0000;4026.3333;597.3333;0.0000;0.0000;0.0000;
260;1260.75;7931.78;1463.18;3564.6667;65535.0000;4025.3333;460.6667;0.0000;0.0000;0.0000;
261;1261.58;7926.55;1468.41;3261.6667;65535.0000;3646.0000;384.3333;0.0000;0.0000;0.0000;
262;1262.41;7921.33;1473.64;3402.3333;65535.0000;3691.3333;289.0000;0.0000;0.0000;0.0000;
263;1263.25;7916.11;1478.85;3546.0000;65535.0000;3751.6667;205.6667;0.0000;0.0000;0.0000;
264;1264.08;7910.90;1484.07;2927.6667;65535.0000;3099.0000;171.3333;0.0000;0.0000;0.0000;
265;1264.91;7905.69;1489.27;3502.6667;65535.0000;3640.6667;138.0000;0.0000;0.0000;0.0000;
266;1265.74;7900.50;1494.47;3425.6667;65535.0000;3566.3333;140.6667;0.0000;0.0000;0.0000;
267;1266.58;7895.30;1499.66;3392.0000;65535.0000;3519.3333;127.3333;0.0000;0.0000;0.0000;
268;1267.41;7890.12;1504.85;3387.0000;65535.0000;3460.6667;73.6667;0.0000;0.0000;0.0000;
269;1268.24;7884.94;1510.03;3171.6667;65535.0000;3269.6667;98.0000;0.0000;0.0000;0.0000;
270;1269.07;7879.76;1515.20;2880.6667;65535.0000;2947.6667;67.0000;0.0000;0.0000;0.0000;
271;1269.91;7874.60;1520.37;3394.6667;65535.0000;3456.3333;61.6667;0.0000;0.0000;0.0000;
272;1270.74;7869.44;1525.53;3012.6667;65535.0000;3114.0000;101.3333;0.0000;0.0000;0.0000;
273;1271.57;7864.28;1530.68;3671.6667;65535.0000;3759.6667;88.0000;0.0000;0.0000;0.0000;
274;1272.41;7859.13;1535.83;3201.0000;65535.0000;3290.3333;89.3333;0.0000;0.0000;0.0000;
275;1273.24;7853.99;1540.98;3489.3333;65535.0000;3579.0000;89.6667;0.0000;0.0000;0.0000;
276;1274.07;7848.85;1546.11;3140.0000;65535.0000;3189.0000;49.0000;0.0000;0.0000;0.0000;
277;1274.91;7843.72;1551.24;3046.3333;65535.0000;3167.3333;121.0000;0.0000;0.0000;0.0000;
278;1275.74;7838.60;1556.37;3637.3333;65535.0000;3700.3333;63.0000;0.0000;0.0000;0.0000;
279;1276.57;7833.48;1561.49;3685.0000;65535.0000;3781.6667;96.6667;0.0000;0.0000;0.0000;
280;1277.41;7828.37;1566.60;3341.3333;65535.0000;3428.6667;87.3333;0.0000;0.0000;0.0000;
281;1278.24;7823.26;1571.70;3447.3333;65535.0000;3501.3333;54.0000;0.0000;0.0000;0.0000;
282;1279.07;7818.16;1576.80;3207.6667;65535.0000;3274.6667;67.0000;0.0000;0.0000;0.0000;
283;1279.91;7813.07;1581.90;3380.3333;65535.0000;3466.6667;86.3333;0.0000;0.0000;0.0000;
284;1280.74;7807.98;1586.99;3361.6667;65535.0000;3436.3333;74.6667;0.0000;0.0000;0.0000;
285;1281.58;7802.89;1592.07;3233.3333;65535.0000;3324.0000;90.6667;0.0000;0.0000;0.0000;
286;1282.41;7797.82;1597.15;3597.6667;65535.0000;3708.3333;110.6667;0.0000;0.0000;0.0000;
287;1283.24;7792.75;1602.22;3432.3333;65535.0000;3540.6667;108.3333;0.0000;0.0000;0.0000;
288;1284.08;7787.68;1607.28;3348.6667;65535.0000;3435.6667;87.0000;0.0000;0.0000;0.0000;
289;1284.91;7782.63;1612.34;4134.3333;65535.0000;4227.6667;93.3333;0.0000;0.0000;0.0000;
290;1285.75;7777.57;1617.39;3464.3333;65535.0000;3569.3333;105.0000;0.0000;0.0000;0.0000;
291;1286.58;7772.53;1622.44;3531.0000;65535.0000;3622.6667;91.6667;0.0000;0.0000;0.0000;
292;1287.42;7767.49;1627.48;3437.3333;65535.0000;3548.6667;111.3333;0.0000;0.0000;0.0000;
293;1288.25;7762.45;1632.51;3036.3333;65535.0000;3160.3333;124.0000;0.0000;0.0000;0.0000;
294;1289.09;7757.42;1637.54;3264.0000;65535.0000;3407.0000;143.0000;0.0000;0.0000;0.0000;
295;1289.92;7752.40;1642.57;3375.0000;65535.0000;3523.0000;148.0000;0.0000;0.0000;0.0000;
296;1290.76;7747.38;1647.58;3384.3333;65535.0000;3648.6667;264.3333;0.0000;0.0000;0.0000;
297;1291.59;7742.37;1652.59;3654.6667;65535.0000;4020.6667;366.0000;0.0000;0.0000;0.0000;
298;1292.43;7737.36;1657.60;3227.3333;65535.0000;3636.0000;408.6667;0.0000;0.0000;0.0000;
299;1293.27;7732.36;1662.60;3740.0000;65535.0000;4061.0000;321.0000;0.0000;0.0000;0.0000;
300;1294.10;7727.37;1667.59;3224.0000;65535.0000;3506.3333;282.3333;0.0000;0.0000;0.0000;
301;1294.94;7722.38;1672.58;3494.6667;65535.0000;3685.0000;190.3333;0.0000;0.0000;0.0000;
302;1295.77;7717.40;1677.56;3305.6667;65535.0000;3457.6667;152.0000;0.0000;0.0000;0.0000;
303;1296.61;7712.42;1682.54;3229.0000;65535.0000;3403.6667;174.6667;0.0000;0.0000;0.0000;
304;1297.45;7707.45;1687.51;2801.0000;65535.0000;2973.6667;172.6667;0.0000;0.0000;0.0000;
305;1298.28;7702.49;1692.48;3062.6667;65535.0000;3148.6667;86.0000;0.0000;0.0000;0.0000;
306;1299.12;7697.53;1697.44;3626.6667;65535.0000;3689.3333;62.6667;0.0000;0.0000;0.0000;
307;1299.96;7692.57;1702.39;3742.0000;65535.0000;3852.3333;110.3333;0.0000;0.0000;0.0000;
308;1300.79;7687.63;1707.34;3618.6667;65535.0000;3665.3333;46.6667;0.0000;0.0000;0.0000;
309;1301.63;7682.68;1712.28;3354.3333;65535.0000;3434.3333;80.0000;0.0000;0.0000;0.0000;
310;1302.47;7677.75;1717.22;3316.3333;65535.0000;3324.6667;8.3333;0.0000;0.0000;0.0000;
311;1303.30;7672.82;1722.15;3522.6667;65535.0000;3587.0000;64.3333;0.0000;0.0000;0.0000;
312;1304.14;7667.89;1727.07;3513.0000;65535.0000;3562.0000;49.0000;0.0000;0.0000;0.0000;
313;1304.98;7662.97;1731.99;3815.0000;65535.0000;3881.3333;66.3333;0.0000;0.0000;0.0000;
314;1305.81;7658.06;1736.91;3623.3333;65535.0000;3700.6667;77.3333;0.0000;0.0000;0.0000;
315;1306.65;7653.15;1741.82;3717.3333;65535.0000;3797.3333;80.0000;0.0000;0.0000;0.0000;
316;1307.49;7648.24;1746.72;3549.3333;65535.0000;3688.6667;139.3333;0.0000;0.0000;0.0000;
317;1308.33;7643.35;1751.62;3293.6667;65535.0000;3365.0000;71.3333;0.0000;0.0000;0.0000;
318;1309.17;7638.46;1756.51;3013.3333;65535.0000;3068.3333;55.0000;0.0000;0.0000;0.0000;
319;1310.00;7633.57;1761.40;3274.0000;65535.0000;3366.3333;92.3333;0.0000;0.0000;0.0000;
320;1310.84;7628.69;1766.28;3494.3333;65535.0000;3559.0000;64.6667;0.0000;0.0000;0.0000;
321;1311.68;7623.81;1771.15;3658.0000;65535.0000;3719.3333;61.3333;0.0000;0.0000;0.0000;
322;1312.52;7618.94;1776.02;3498.3333;65535.0000;3546.6667;48.3333;0.0000;0.0000;0.0000;
323;1313.36;7614.08;1780.88;3457.3333;65535.0000;3478.0000;20.6667;0.0000;0.0000;0.0000;
324;1314.19;7609.22;1785.74;3150.0000;65535.0000;3206.6667;56.6667;0.0000;0.0000;0.0000;
325;1315.03;7604.37;1790.60;3358.0000;65535.0000;3346.6667;-11.3333;0.0000;0.0000;0.0000;
326;1315.87;7599.52;1795.44;3270.6667;65535.0000;3309.6667;39.0000;0.0000;0.0000;0.0000;
327;1316.71;7594.68;1800.29;3773.0000;65535.0000;3810.6667;37.6667;0.0000;0.0000;0.0000;
328;1317.55;7589.84;1805.12;2864.0000;65535.0000;2887.0000;23.0000;0.0000;0.0000;0.0000;
329;1318.39;7585.01;1809.95;3591.3333;65535.0000;3642.6667;51.3333;0.0000;0.0000;0.0000;
330;1319.23;7580.18;1814.78;3497.6667;65535.0000;3517.3333;19.6667;0.0000;0.0000;0.0000;
331;1320.07;7575.36;1819.60;3206.6667;65535.0000;3208.3333;1.6667;0.0000;0.0000;0.0000;
332;1320.91;7570.55;1824.42;3198.3333;65535.0000;3213.3333;15.0000;0.0000;0.0000;0.0000;
333;1321.75;7565.74;1829.23;3617.3333;65535.0000;3624.3333;7.0000;0.0000;0.0000;0.0000;
334;1322.59;7560.93;1834.03;3715.0000;65535.0000;3732.3333;17.3333;0.0000;0.0000;0.0000;
335;1323.43;7556.14;1838.83;3276.6667;65535.0000;3275.3333;-1.3333;0.0000;0.0000;0.0000;
336;1324.27;7551.34;1843.62;3155.0000;65535.0000;3167.0000;12.0000;0.0000;0.0000;0.0000;
337;1325.11;7546.55;1848.41;3265.3333;65535.0000;3255.6667;-9.6667;0.0000;0.0000;0.0000;
338;1325.95;7541.77;1853.19;3459.6667;65535.0000;3465.3333;5.6667;0.0000;0.0000;0.0000;
339;1326.79;7536.99;1857.97;3676.0000;65535.0000;3735.6667;59.6667;0.0000;0.0000;0.0000;
340;1327.63;7532.22;1862.74;3481.0000;65535.0000;3522.0000;41.0000;0.0000;0.0000;0.0000;
341;1328.47;7527.45;1867.51;3545.6667;65535.0000;3557.6667;12.0000;0.0000;0.0000;0.0000;
342;1329.31;7522.69;1872.27;3702.6667;65535.0000;3723.0000;20.3333;0.0000;0.0000;0.0000;
343;1330.15;7517.94;1877.03;3350.3333;65535.0000;3376.0000;25.6667;0.0000;0.0000;0.0000;
344;1330.99;7513.19;1881.78;3241.6667;65535.0000;3272.3333;30.6667;0.0000;0.0000;0.0000;
345;1331.83;7508.44;1886.52;3171.3333;65535.0000;3163.3333;-8.0000;0.0000;0.0000;0.0000;
346;1332.68;7503.70;1891.27;3127.6667;65535.0000;3167.3333;39.6667;0.0000;0.0000;0.0000;
347;1333.52;7498.96;1896.00;3343.6667;65535.0000;3405.3333;61.6667;0.0000;0.0000;0.0000;
348;1334.36;7494.23;1900.73;3198.6667;65535.0000;3221.6667;23.0000;0.0000;0.0000;0.0000;
349;1335.20;7489.51;1905.46;3472.3333;65535.0000;3490.0000;17.6667;0.0000;0.0000;0.0000;
350;1336.04;7484.79;1910.18;2920.6667;65535.0000;2942.3333;21.6667;0.0000;0.0000;0.0000;
351;1336.89;7480.07;1914.89;3228.6667;65535.0000;3214.0000;-14.6667;0.0000;0.0000;0.0000;
352;1337.73;7475.37;1919.60;3197.0000;65535.0000;3198.0000;1.0000;0.0000;0.0000;0.0000;
353;1338.57;7470.66;1924.30;3509.0000;65535.0000;3516.0000;7.0000;0.0000;0.0000;0.0000;
354;1339.41;7465.96;1929.00;2883.3333;65535.0000;2929.0000;45.6667;0.0000;0.0000;0.0000;
355;1340.25;7461.27;1933.70;3294.0000;65535.0000;3333.6667;39.6667;0.0000;0.0000;0.0000;
356;1341.10;7456.58;1938.38;3254.3333;65535.0000;3271.3333;17.0000;0.0000;0.0000;0.0000;
357;1341.94;7451.90;1943.07;3069.0000;65535.0000;3136.6667;67.6667;0.0000;0.0000;0.0000;
358;1342.78;7447.22;1947.75;3514.6667;65535.0000;3539.6667;25.0000;0.0000;0.0000;0.0000;
359;1343.63;7442.54;1952.42;3504.0000;65535.0000;3522.6667;18.6667;0.0000;0.0000;0.0000;
360;1344.47;7437.88;1957.09;3381.6667;65535.0000;3412.0000;30.3333;0.0000;0.0000;0.0000;
361;1345.31;7433.21;1961.75;3666.3333;65535.0000;3708.6667;42.3333;0.0000;0.0000;0.0000;
362;1346.16;7428.55;1966.41;3228.6667;65535.0000;3249.0000;20.3333;0.0000;0.0000;0.0000;
363;1347.00;7423.90;1971.06;3390.6667;65535.0000;3391.6667;1.0000;0.0000;0.0000;0.0000;
364;1347.84;7419.25;1975.71;3129.6667;65535.0000;3160.3333;30.6667;0.0000;0.0000;0.0000;
365;1348.69;7414.61;1980.35;3041.6667;65535.0000;3105.3333;63.6667;0.0000;0.0000;0.0000;
366;1349.53;7409.97;1984.99;2861.6667;65535.0000;2856.3333;-5.3333;0.0000;0.0000;0.0000;
367;1350.38;7405.34;1989.62;3626.0000;65535.0000;3652.3333;26.3333;0.0000;0.0000;0.0000;
368;1351.22;7400.71;1994.25;3524.6667;65535.0000;3576.6667;52.0000;0.0000;0.0000;0.0000;
369;1352.07;7396.09;1998.88;3604.3333;65535.0000;3615.6667;11.3333;0.0000;0.0000;0.0000;
370;1352.91;7391.47;2003.49;3222.0000;65535.0000;3235.3333;13.3333;0.0000;0.0000;0.0000;
371;1353.76;7386.86;2008.11;3185.3333;65535.0000;3217.3333;32.0000;0.0000;0.0000;0.0000;
372;1354.60;7382.25;2012.71;3672.3333;65535.0000;3701.6667;29.3333;0.0000;0.0000;0.0000;
373;1355.45;7377.65;2017.32;3783.3333;65535.0000;3837.6667;54.3333;0.0000;0.0000;0.0000;
374;1356.29;7373.05;2021.92;3351.3333;65535.0000;3415.0000;63.6667;0.0000;0.0000;0.0000;
375;1357.14;7368.46;2026.51;3652.3333;65535.0000;3660.0000;7.6667;0.0000;0.0000;0.0000;
376;1357.98;7363.87;2031.10;3233.3333;65535.0000;3273.3333;40.0000;0.0000;0.0000;0.0000;
377;1358.83;7359.28;2035.68;3513.6667;65535.0000;3525.0000;11.3333;0.0000;0.0000;0.0000;
378;1359.67;7354.71;2040.26;3179.6667;65535.0000;3154.6667;-25.0000;0.0000;0.0000;0.0000;
379;1360.52;7350.13;2044.83;3604.0000;65535.0000;3623.3333;19.3333;0.0000;0.0000;0.0000;
380;1361.37;7345.56;2049.40;3407.3333;65535.0000;3407.3333;0.0000;0.0000;0.0000;0.0000;
381;1362.21;7341.00;2053.96;3872.3333;65535.0000;3913.0000;40.6667;0.0000;0.0000;0.0000;
382;1363.06;7336.44;2058.52;3728.0000;65535.0000;3747.0000;19.0000;0.0000;0.0000;0.0000;
383;1363.91;7331.89;2063.08;3186.3333;65535.0000;3246.6667;60.3333;0.0000;0.0000;0.0000;
384;1364.75;7327.34;2067.63;3456.3333;65535.0000;3480.0000;23.6667;0.0000;0.0000;0.0000;
385;1365.60;7322.79;2072.17;2984.6667;65535.0000;2985.3333;0.6667;0.0000;0.0000;0.0000;
386;1366.45;7318.25;2076.71;3246.3333;65535.0000;3305.6667;59.3333;0.0000;0.0000;0.0000;
387;1367.29;7313.72;2081.24;3835.3333;65535.0000;3850.6667;15.3333;0.0000;0.0000;0.0000;
388;1368.14;7309.19;2085.77;3327.3333;65535.0000;3330.0000;2.6667;0.0000;0.0000;0.0000;
389;1368.99;7304.66;2090.30;3516.0000;65535.0000;3566.6667;50.6667;0.0000;0.0000;0.0000;
390;1369.84;7300.14;2094.82;3413.0000;65535.0000;3409.3333;-3.6667;0.0000;0.0000;0.0000;
391;1370.68;7295.63;2099.34;3738.3333;65535.0000;3776.0000;37.6667;0.0000;0.0000;0.0000;
392;1371.53;7291.12;2103.85;3478.3333;65535.0000;3506.0000;27.6667;0.0000;0.0000;0.0000;
393;1372.38;7286.61;2108.35;3357.3333;65535.0000;3386.3333;29.0000;0.0000;0.0000;0.0000;
394;1373.23;7282.11;2112.85;2981.3333;65535.0000;3002.0000;20.6667;0.0000;0.0000;0.0000;
395;1374.08;7277.61;2117.35;3681.3333;65535.0000;3679.3333;-2.0000;0.0000;0.0000;0.0000;
396;1374.93;7273.12;2121.84;3290.0000;65535.0000;3330.3333;40.3333;0.0000;0.0000;0.0000;
397;1375.77;7268.63;2126.33;3816.0000;65535.0000;3812.6667;-3.3333;0.0000;0.0000;0.0000;
398;1376.62;7264.15;2130.81;3071.0000;65535.0000;3074.3333;3.3333;0.0000;0.0000;0.0000;
399;1377.47;7259.67;2135.29;3674.6667;65535.0000;3698.0000;23.3333;0.0000;0.0000;0.0000;
400;1378.32;7255.20;2139.76;3102.6667;65535.0000;3135.6667;33.0000;0.0000;0.0000;0.0000;
401;1379.17;7250.73;2144.23;3682.6667;65535.0000;3721.3333;38.6667;0.0000;0.0000;0.0000;
402;1380.02;7246.27;2148.69;3322.3333;65535.0000;3329.6667;7.3333;0.0000;0.0000;0.0000;
403;1380.87;7241.81;2153.15;3381.6667;65535.0000;3379.0000;-2.6667;0.0000;0.0000;0.0000;
404;1381.72;7237.36;2157.61;3022.6667;65535.0000;3026.6667;4.0000;0.0000;0.0000;0.0000;
405;1382.57;7232.91;2162.06;3605.3333;65535.0000;3633.0000;27.6667;0.0000;0.0000;0.0000;
406;1383.42;7228.46;2166.50;3236.3333;65535.0000;3273.6667;37.3333;0.0000;0.0000;0.0000;
407;1384.27;7224.02;2170.94;3842.3333;65535.0000;3841.0000;-1.3333;0.0000;0.0000;0.0000;
408;1385.12;7219.59;2175.38;3213.0000;65535.0000;3214.6667;1.6667;0.0000;0.0000;0.0000;
409;1385.97;7215.15;2179.81;3608.6667;65535.0000;3661.0000;52.3333;0.0000;0.0000;0.0000;
410;1386.82;7210.73;2184.24;3720.3333;65535.0000;3733.0000;12.6667;0.0000;0.0000;0.0000;
411;1387.67;7206.31;2188.66;3717.0000;65535.0000;3699.6667;-17.3333;0.0000;0.0000;0.0000;
412;1388.52;7201.89;2193.08;3191.6667;65535.0000;3233.3333;41.6667;0.0000;0.0000;0.0000;
413;1389.38;7197.47;2197.49;3830.6667;65535.0000;3774.6667;-56.0000;0.0000;0.0000;0.0000;
414;1390.23;7193.07;2201.90;3127.0000;65535.0000;3107.6667;-19.3333;0.0000;0.0000;0.0000;
415;1391.08;7188.66;2206.30;3503.0000;65535.0000;3522.3333;19.3333;0.0000;0.0000;0.0000;
416;1391.93;7184.26;2210.70;3171.0000;65535.0000;3177.6667;6.6667;0.0000;0.0000;0.0000;
417;1392.78;7179.87;2215.10;3194.6667;65535.0000;3258.0000;63.3333;0.0000;0.0000;0.0000;
418;1393.64;7175.48;2219.49;3037.3333;65535.0000;3066.3333;29.0000;0.0000;0.0000;0.0000;
419;1394.49;7171.09;2223.87;3644.3333;65535.0000;3658.3333;14.0000;0.0000;0.0000;0.0000;
420;1395.34;7166.71;2228.25;3671.3333;65535.0000;3689.0000;17.6667;0.0000;0.0000;0.0000;
421;1396.19;7162.33;2232.63;3967.6667;65535.0000;3957.0000;-10.6667;0.0000;0.0000;0.0000;
422;1397.05;7157.96;2237.00;3564.0000;65535.0000;3568.3333;4.3333;0.0000;0.0000;0.0000;
423;1397.90;7153.59;2241.37;3575.3333;65535.0000;3550.0000;-25.3333;0.0000;0.0000;0.0000;
424;1398.75;7149.23;2245.73;3055.3333;65535.0000;3074.3333;19.0000;0.0000;0.0000;0.0000;
425;1399.61;7144.87;2250.09;3491.3333;65535.0000;3516.6667;25.3333;0.0000;0.0000;0.0000;
426;1400.46;7140.52;2254.45;3357.3333;65535.0000;3354.0000;-3.3333;0.0000;0.0000;0.0000;
427;1401.31;7136.17;2258.80;3720.0000;65535.0000;3742.6667;22.6667;0.0000;0.0000;0.0000;
428;1402.17;7131.82;2263.14;2991.3333;65535.0000;3016.6667;25.3333;0.0000;0.0000;0.0000;
429;1403.02;7127.48;2267.48;3726.3333;65535.0000;3736.3333;10.0000;0.0000;0.0000;0.0000;
430;1403.87;7123.14;2271.82;3024.6667;65535.0000;3024.0000;-0.6667;0.0000;0.0000;0.0000;
431;1404.73;7118.81;2276.15;3627.3333;65535.0000;3708.0000;80.6667;0.0000;0.0000;0.0000;
432;1405.58;7114.48;2280.48;2782.6667;65535.0000;2799.0000;16.3333;0.0000;0.0000;0.0000;
433;1406.44;7110.16;2284.80;3232.6667;65535.0000;3275.0000;42.3333;0.0000;0.0000;0.0000;
434;1407.29;7105.84;2289.12;3125.3333;65535.0000;3139.6667;14.3333;0.0000;0.0000;0.0000;
435;1408.15;7101.53;2293.44;3313.3333;65535.0000;3313.6667;0.3333;0.0000;0.0000;0.0000;
436;1409.00;7097.22;2297.75;3367.3333;65535.0000;3393.0000;25.6667;0.0000;0.0000;0.0000;
437;1409.86;7092.91;2302.06;3448.0000;65535.0000;3464.3333;16.3333;0.0000;0.0000;0.0000;
438;1410.71;7088.61;2306.36;3437.6667;65535.0000;3461.0000;23.3333;0.0000;0.0000;0.0000;
439;1411.57;7084.31;2310.65;3433.0000;65535.0000;3414.0000;-19.0000;0.0000;0.0000;0.0000;
440;1412.43;7080.02;2314.95;3093.6667;65535.0000;3084.6667;-9.0000;0.0000;0.0000;0.0000;
441;1413.28;7075.73;2319.24;3477.0000;65535.0000;3460.6667;-16.3333;0.0000;0.0000;0.0000;
442;1414.14;7071.44;2323.52;3321.6667;65535.0000;3311.0000;-10.6667;0.0000;0.0000;0.0000;
443;1414.99;7067.16;2327.80;4144.0000;65535.0000;4175.0000;31.0000;0.0000;0.0000;0.0000;
444;1415.85;7062.89;2332.08;3203.3333;65535.0000;3242.0000;38.6667;0.0000;0.0000;0.0000;
445;1416.71;7058.62;2336.35;3374.3333;65535.0000;3381.3333;7.0000;0.0000;0.0000;0.0000;
446;1417.57;7054.35;2340.62;3320.3333;65535.0000;3312.6667;-7.6667;0.0000;0.0000;0.0000;
447;1418.42;7050.09;2344.88;3711.6667;65535.0000;3714.0000;2.3333;0.0000;0.0000;0.0000;
448;1419.28;7045.83;2349.14;3322.6667;65535.0000;3292.6667;-30.0000;0.0000;0.0000;0.0000;
449;1420.14;7041.57;2353.39;3403.0000;65535.0000;3361.6667;-41.3333;0.0000;0.0000;0.0000;
450;1421.00;7037.32;2357.64;3091.3333;65535.0000;3072.0000;-19.3333;0.0000;0.0000;0.0000;
451;1421.85;7033.08;2361.89;3551.3333;65535.0000;3525.3333;-26.0000;0.0000;0.0000;0.0000;
452;1422.71;7028.83;2366.13;3144.6667;65535.0000;3151.6667;7.0000;0.0000;0.0000;0.0000;
453;1423.57;7024.60;2370.37;3226.6667;65535.0000;3240.0000;13.3333;0.0000;0.0000;0.0000;
454;1424.43;7020.36;2374.60;3316.6667;65535.0000;3317.0000;0.3333;0.0000;0.0000;0.0000;
455;1425.29;7016.13;2378.83;3844.3333;65535.0000;3837.0000;-7.3333;0.0000;0.0000;0.0000;
456;1426.15;7011.91;2383.06;3145.6667;65535.0000;3137.0000;-8.6667;0.0000;0.0000;0.0000;
457;1427.00;7007.69;2387.28;3357.0000;65535.0000;3331.3333;-25.6667;0.0000;0.0000;0.0000;
458;1427.86;7003.47;2391.49;3006.3333;65535.0000;2963.6667;-42.6667;0.0000;0.0000;0.0000;
459;1428.72;6999.26;2395.71;3710.0000;65535.0000;3723.3333;13.3333;0.0000;0.0000;0.0000;
460;1429.58;6995.05;2399.92;3515.0000;65535.0000;3502.0000;-13.0000;0.0000;0.0000;0.0000;
461;1430.44;6990.84;2404.12;3446.0000;65535.0000;3447.6667;1.6667;0.0000;0.0000;0.0000;
462;1431.30;6986.64;2408.32;3285.6667;65535.0000;3264.6667;-21.0000;0.0000;0.0000;0.0000;
463;1432.16;6982.45;2412.52;3250.6667;65535.0000;3250.3333;-0.3333;0.0000;0.0000;0.0000;
464;1433.02;6978.26;2416.71;3242.6667;65535.0000;3249.3333;6.6667;0.0000;0.0000;0.0000;
465;1433.88;6974.07;2420.90;3559.6667;65535.0000;3523.6667;-36.0000;0.0000;0.0000;0.0000;
466;1434.74;6969.88;2425.08;3547.3333;65535.0000;3528.6667;-18.6667;0.0000;0.0000;0.0000;
467;1435.60;6965.71;2429.26;3656.6667;65535.0000;3650.3333;-6.3333;0.0000;0.0000;0.0000;
468;1436.47;6961.53;2433.43;3286.6667;65535.0000;3268.0000;-18.6667;0.0000;0.0000;0.0000;
469;1437.33;6957.36;2437.61;3785.0000;65535.0000;3764.3333;-20.6667;0.0000;0.0000;0.0000;
470;1438.19;6953.19;2441.77;3263.6667;65535.0000;3268.0000;4.3333;0.0000;0.0000;0.0000;
471;1439.05;6949.03;2445.94;3037.6667;65535.0000;3064.6667;27.0000;0.0000;0.0000;0.0000;
472;1439.91;6944.87;2450.10;3427.3333;65535.0000;3431.3333;4.0000;0.0000;0.0000;0.0000;
473;1440.77;6940.71;2454.25;3588.0000;65535.0000;3592.6667;4.6667;0.0000;0.0000;0.0000;
474;1441.64;6936.56;2458.40;2747.0000;65535.0000;2745.6667;-1.3333;0.0000;0.0000;0.0000;
475;1442.50;6932.42;2462.55;3306.0000;65535.0000;3317.6667;11.6667;0.0000;0.0000;0.0000;
476;1443.36;6928.27;2466.69;2966.0000;65535.0000;2953.0000;-13.0000;0.0000;0.0000;0.0000;
477;1444.22;6924.13;2470.83;3020.3333;65535.0000;3038.3333;18.0000;0.0000;0.0000;0.0000;
478;1445.09;6920.00;2474.97;3328.3333;65535.0000;3306.0000;-22.3333;0.0000;0.0000;0.0000;
479;1445.95;6915.87;2479.10;3149.6667;65535.0000;3144.3333;-5.3333;0.0000;0.0000;0.0000;
480;1446.81;6911.74;2483.22;3058.3333;65535.0000;3073.0000;14.6667;0.0000;0.0000;0.0000;
481;1447.68;6907.62;2487.35;3451.6667;65535.0000;3457.3333;5.6667;0.0000;0.0000;0.0000;
482;1448.54;6903.50;2491.47;3359.6667;65535.0000;3374.3333;14.6667;0.0000;0.0000;0.0000;
483;1449.40;6899.38;2495.58;3421.0000;65535.0000;3447.3333;26.3333;0.0000;0.0000;0.0000;
484;1450.27;6895.27;2499.69;3178.6667;65535.0000;3185.6667;7.0000;0.0000;0.0000;0.0000;
485;1451.13;6891.16;2503.80;3438.0000;65535.0000;3448.3333;10.3333;0.0000;0.0000;0.0000;
486;   ;   ;   ;3523.3333;65535.0000;3513.0000;-10.3333;0.0000;0.0000;0.0000;
487;   ;   ;   ;3536.3333;65535.0000;3543.3333;7.0000;0.0000;0.0000;0.0000;
488;   ;   ;   ;3285.3333;65535.0000;3257.3333;-28.0000;0.0000;0.0000;0.0000;
489;   ;   ;   ;3203.0000;65535.0000;3208.6667;5.6667;0.0000;0.0000;0.0000;
490;   ;   ;   ;3589.3333;65535.0000;3575.3333;-14.0000;0.0000;0.0000;0.0000;
491;   ;   ;   ;3475.0000;65535.0000;3464.0000;-11.0000;0.0000;0.0000;0.0000;
492;   ;   ;   ;3192.6667;65535.0000;3200.3333;7.6667;0.0000;0.0000;0.0000;
493;   ;   ;   ;3559.3333;65535.0000;3554.6667;-4.6667;0.0000;0.0000;0.0000;
494;   ;   ;   ;3285.3333;65535.0000;3271.3333;-14.0000;0.0000;0.0000;0.0000;
495;   ;   ;   ;3355.6667;65535.0000;3353.3333;-2.3333;0.0000;0.0000;0.0000;
496;   ;   ;   ;2832.0000;65535.0000;2824.6667;-7.3333;0.0000;0.0000;0.0000;
497;   ;   ;   ;3611.0000;65535.0000;3643.0000;32.0000;0.0000;0.0000;0.0000;
498;   ;   ;   ;2851.3333;65535.0000;2844.6667;-6.6667;0.0000;0.0000;0.0000;
499;   ;   ;   ;3159.0000;65535.0000;3125.3333;-33.6667;0.0000;0.0000;0.0000;
500;   ;   ;   ;3129.0000;65535.0000;3180.0000;51.0000;0.0000;0.0000;0.0000;
501;   ;   ;   ;3161.6667;65535.0000;3159.3333;-2.3333;0.0000;0.0000;0.0000;
502;   ;   ;   ;3146.0000;65535.0000;3155.3333;9.3333;0.0000;0.0000;0.0000;
503;   ;   ;   ;3501.0000;65535.0000;3484.0000;-17.0000;0.0000;0.0000;0.0000;
504;   ;   ;   ;3405.0000;65535.0000;3411.6667;6.6667;0.0000;0.0000;0.0000;
505;   ;   ;   ;3261.6667;65535.0000;3264.3333;2.6667;0.0000;0.0000;0.0000;
506;   ;   ;   ;3062.6667;65535.0000;3065.6667;3.0000;0.0000;0.0000;0.0000;
507;   ;   ;   ;3185.0000;65535.0000;3191.6667;6.6667;0.0000;0.0000;0.0000;
508;   ;   ;   ;2606.0000;65535.0000;2608.0000;2.0000;0.0000;0.0000;0.0000;
509;   ;   ;   ;3030.6667;65535.0000;3046.0000;15.3333;0.0000;0.0000;0.0000;
510;   ;   ;   ;3235.6667;65535.0000;3229.3333;-6.3333;0.0000;0.0000;0.0000;
511;   ;   ;   ;3631.0000;65535.0000;3618.0000;-13.0000;0.0000;0.0000;0.0000;
