File Version;BWSpec4.03_23_C
Date;2016-12-02 15:55:13
title;OOQ
model;BTC264P-1064S-512-SY
c code;OOQ
operator;
port1;0
baud1;3
pixel_start;0
pixel_end;511
step;1
units;3
bkcolor;16777215
show_mode;3
data_mode;0
pixel_mode;0
intigration times(ms);10000
average number;3
time_multiply;1
spectrometer_type ;69
yaxis;1
yaxis_min;0
yaxis_max;65535
xaxis;1
xaxis_min;57
xaxis_max;485
irrands_DispWLMin;100
irrands_DispWLMax;1000
yaxis_min_6;0
yaxis_max_6;0
irradiance_unit;0
Color_Data_Flag;0
Color_StartWL;1047
Color_EndWL;1047
Color_IncWL;10
power_unit_index;3
photometric_index;0
Illuminant_index;3
observer_index;0
lab_l;0
lab_a;0
lab_b;0
radiometric_flag;0
coefs_a0;1046.24128246353
coefs_a1;0.823573912287285
coefs_a2;-1.46846754231925E-05
coefs_a3;7.81270546723139E-08
coefs_b0;-1068.71157857918
coefs_b1;0.657654928142611
coefs_b2;0.000510871962843009
coefs_b3;-1.55922148884732E-07
coefs_r0;1
coefs_r1;0
coefs_r2;0
coefs_r3;0
coefs_j0;1
coefs_j1;0
coefs_j2;0
coefs_j3;0
enable_coefs_r;0
all_data_save;1
select_option;-1
interval_time;10000
pixel_num;512
sel_pixel_start;1
sel_pixel_end;511
sel_pixel_delta;1
dark_compensate;0
dark_compensate_value_1;0
dark_compensate_value_2;0
dark_compensate_value_3;0
monitor pixel_0;0
monitor pixel_1;0
monitor pixel_2;0
monitor pixel_3;0
monitor pixel_4;0
monitor pixel_5;0
vertical_select_flag;0
vertical_line3;44
vertical_line4;44
vertical_line3_wv;349.610890369397
vertical_line4_wv;349.610890369397
vertical_line_flag;0
vertical_line_ratio;0
laser_wavelength;1064.4
laser_powerlevel;100
overlay_js;0
Relative Intensity Correction Flag;0
Pixel;Wavelength;Wavenumber;Raman Shift;Dark;Reference;Raw data #1;Dark Subtracted #1;%TR #1;Absorbance #1;Irradiance (lumen) #1;
0;   ;   ;   ;3139.3333;65535.0000;3148.3333;9.0000;0.0000;0.0000;0.0000;
1;   ;   ;   ;3395.6667;65535.0000;3368.3333;-27.3333;0.0000;0.0000;0.0000;
2;   ;   ;   ;3131.6667;65535.0000;3145.3333;13.6667;0.0000;0.0000;0.0000;
3;   ;   ;   ;3272.6667;65535.0000;3299.3333;26.6667;0.0000;0.0000;0.0000;
4;   ;   ;   ;3127.0000;65535.0000;3135.6667;8.6667;0.0000;0.0000;0.0000;
5;   ;   ;   ;3482.3333;65535.0000;3497.0000;14.6667;0.0000;0.0000;0.0000;
6;   ;   ;   ;2661.3333;65535.0000;2677.3333;16.0000;0.0000;0.0000;0.0000;
7;   ;   ;   ;3425.6667;65535.0000;3414.6667;-11.0000;0.0000;0.0000;0.0000;
8;   ;   ;   ;2583.6667;65535.0000;2585.6667;2.0000;0.0000;0.0000;0.0000;
9;   ;   ;   ;3350.3333;65535.0000;3358.3333;8.0000;0.0000;0.0000;0.0000;
10;   ;   ;   ;3302.0000;65535.0000;3302.3333;0.3333;0.0000;0.0000;0.0000;
11;   ;   ;   ;3194.6667;65535.0000;3187.3333;-7.3333;0.0000;0.0000;0.0000;
12;   ;   ;   ;3013.3333;65535.0000;3036.6667;23.3333;0.0000;0.0000;0.0000;
13;   ;   ;   ;3180.6667;65535.0000;3182.6667;2.0000;0.0000;0.0000;0.0000;
14;   ;   ;   ;3135.3333;65535.0000;3148.3333;13.0000;0.0000;0.0000;0.0000;
15;   ;   ;   ;3326.6667;65535.0000;3336.6667;10.0000;0.0000;0.0000;0.0000;
16;   ;   ;   ;3386.3333;65535.0000;3407.0000;20.6667;0.0000;0.0000;0.0000;
17;   ;   ;   ;3064.6667;65535.0000;3097.6667;33.0000;0.0000;0.0000;0.0000;
18;   ;   ;   ;2873.3333;65535.0000;2919.3333;46.0000;0.0000;0.0000;0.0000;
19;   ;   ;   ;3847.6667;65535.0000;3963.3333;115.6667;0.0000;0.0000;0.0000;
20;   ;   ;   ;3313.0000;65535.0000;4673.3333;1360.3333;0.0000;0.0000;0.0000;
21;   ;   ;   ;3051.3333;65535.0000;7056.3333;4005.0000;0.0000;0.0000;0.0000;
22;   ;   ;   ;3254.6667;65535.0000;7085.0000;3830.3333;0.0000;0.0000;0.0000;
23;   ;   ;   ;3284.6667;65535.0000;5774.0000;2489.3333;0.0000;0.0000;0.0000;
24;   ;   ;   ;2542.6667;65535.0000;2857.0000;314.3333;0.0000;0.0000;0.0000;
25;   ;   ;   ;3521.6667;65535.0000;3539.0000;17.3333;0.0000;0.0000;0.0000;
26;   ;   ;   ;2915.0000;65535.0000;2964.6667;49.6667;0.0000;0.0000;0.0000;
27;   ;   ;   ;3317.3333;65535.0000;3318.3333;1.0000;0.0000;0.0000;0.0000;
28;   ;   ;   ;2938.3333;65535.0000;2937.3333;-1.0000;0.0000;0.0000;0.0000;
29;   ;   ;   ;3336.6667;65535.0000;3379.0000;42.3333;0.0000;0.0000;0.0000;
30;   ;   ;   ;2988.0000;65535.0000;3065.0000;77.0000;0.0000;0.0000;0.0000;
31;   ;   ;   ;3262.3333;65535.0000;3737.0000;474.6667;0.0000;0.0000;0.0000;
32;   ;   ;   ;3234.3333;65535.0000;4539.6667;1305.3333;0.0000;0.0000;0.0000;
33;   ;   ;   ;3436.3333;65535.0000;5455.3333;2019.0000;0.0000;0.0000;0.0000;
34;   ;   ;   ;3041.0000;65535.0000;5524.0000;2483.0000;0.0000;0.0000;0.0000;
35;   ;   ;   ;3706.3333;65535.0000;6101.3333;2395.0000;0.0000;0.0000;0.0000;
36;   ;   ;   ;3118.3333;65535.0000;5382.6667;2264.3333;0.0000;0.0000;0.0000;
37;   ;   ;   ;3598.6667;65535.0000;5579.0000;1980.3333;0.0000;0.0000;0.0000;
38;   ;   ;   ;3238.3333;65535.0000;5023.0000;1784.6667;0.0000;0.0000;0.0000;
39;   ;   ;   ;3229.6667;65535.0000;4853.6667;1624.0000;0.0000;0.0000;0.0000;
40;   ;   ;   ;3189.3333;65535.0000;4707.6667;1518.3333;0.0000;0.0000;0.0000;
41;   ;   ;   ;3564.3333;65535.0000;4944.0000;1379.6667;0.0000;0.0000;0.0000;
42;   ;   ;   ;3702.0000;65535.0000;5002.6667;1300.6667;0.0000;0.0000;0.0000;
43;   ;   ;   ;3132.0000;65535.0000;4302.3333;1170.3333;0.0000;0.0000;0.0000;
44;   ;   ;   ;3408.6667;65535.0000;4582.6667;1174.0000;0.0000;0.0000;0.0000;
45;   ;   ;   ;3202.3333;65535.0000;4254.3333;1052.0000;0.0000;0.0000;0.0000;
46;   ;   ;   ;3359.3333;65535.0000;4354.6667;995.3333;0.0000;0.0000;0.0000;
47;   ;   ;   ;3535.0000;65535.0000;4501.6667;966.6667;0.0000;0.0000;0.0000;
48;   ;   ;   ;3205.6667;65535.0000;4086.3333;880.6667;0.0000;0.0000;0.0000;
49;   ;   ;   ;3215.6667;65535.0000;4078.0000;862.3333;0.0000;0.0000;0.0000;
50;   ;   ;   ;3197.3333;65535.0000;4041.6667;844.3333;0.0000;0.0000;0.0000;
51;   ;   ;   ;3498.6667;65535.0000;4314.0000;815.3333;0.0000;0.0000;0.0000;
52;   ;   ;   ;3354.0000;65535.0000;4109.0000;755.0000;0.0000;0.0000;0.0000;
53;   ;   ;   ;3169.0000;65535.0000;3905.3333;736.3333;0.0000;0.0000;0.0000;
54;   ;   ;   ;2753.3333;65535.0000;3434.0000;680.6667;0.0000;0.0000;0.0000;
55;   ;   ;   ;3271.3333;65535.0000;3942.3333;671.0000;0.0000;0.0000;0.0000;
56;   ;   ;   ;3555.6667;65535.0000;4176.0000;620.3333;0.0000;0.0000;0.0000;
57;1093.15;9147.86;247.10;3657.3333;65535.0000;4280.0000;622.6667;0.0000;0.0000;0.0000;
58;1093.97;9140.98;253.98;3146.0000;65535.0000;3715.3333;569.3333;0.0000;0.0000;0.0000;
59;1094.80;9134.11;260.85;3456.3333;65535.0000;4007.6667;551.3333;0.0000;0.0000;0.0000;
60;1095.62;9127.25;267.71;3360.0000;65535.0000;3896.0000;536.0000;0.0000;0.0000;0.0000;
61;1096.44;9120.41;274.56;3086.3333;65535.0000;3559.0000;472.6667;0.0000;0.0000;0.0000;
62;1097.27;9113.57;281.40;3327.3333;65535.0000;3801.0000;473.6667;0.0000;0.0000;0.0000;
63;1098.09;9106.74;288.22;3687.0000;65535.0000;4142.3333;455.3333;0.0000;0.0000;0.0000;
64;1098.91;9099.92;295.04;3204.6667;65535.0000;3620.6667;416.0000;0.0000;0.0000;0.0000;
65;1099.73;9093.12;301.85;3118.3333;65535.0000;3586.6667;468.3333;0.0000;0.0000;0.0000;
66;1100.56;9086.32;308.65;3277.0000;65535.0000;3699.0000;422.0000;0.0000;0.0000;0.0000;
67;1101.38;9079.53;315.43;3665.3333;65535.0000;4054.6667;389.3333;0.0000;0.0000;0.0000;
68;1102.20;9072.76;322.21;3108.6667;65535.0000;3503.6667;395.0000;0.0000;0.0000;0.0000;
69;1103.02;9065.99;328.98;3579.3333;65535.0000;3946.6667;367.3333;0.0000;0.0000;0.0000;
70;1103.85;9059.23;335.73;3195.3333;65535.0000;3536.0000;340.6667;0.0000;0.0000;0.0000;
71;1104.67;9052.49;342.48;3666.3333;65535.0000;4041.3333;375.0000;0.0000;0.0000;0.0000;
72;1105.49;9045.75;349.22;3301.3333;65535.0000;3665.0000;363.6667;0.0000;0.0000;0.0000;
73;1106.31;9039.02;355.94;3746.0000;65535.0000;4098.3333;352.3333;0.0000;0.0000;0.0000;
74;1107.14;9032.31;362.66;3104.6667;65535.0000;3477.0000;372.3333;0.0000;0.0000;0.0000;
75;1107.96;9025.60;369.37;3397.3333;65535.0000;3767.0000;369.6667;0.0000;0.0000;0.0000;
76;1108.78;9018.90;376.06;3284.0000;65535.0000;3648.0000;364.0000;0.0000;0.0000;0.0000;
77;1109.61;9012.22;382.75;3307.3333;65535.0000;3622.6667;315.3333;0.0000;0.0000;0.0000;
78;1110.43;9005.54;389.43;3396.6667;65535.0000;3761.0000;364.3333;0.0000;0.0000;0.0000;
79;1111.25;8998.87;396.09;3856.0000;65535.0000;4191.0000;335.0000;0.0000;0.0000;0.0000;
80;1112.07;8992.21;402.75;3288.3333;65535.0000;3632.3333;344.0000;0.0000;0.0000;0.0000;
81;1112.90;8985.57;409.40;3395.6667;65535.0000;3750.6667;355.0000;0.0000;0.0000;0.0000;
82;1113.72;8978.93;416.04;3145.6667;65535.0000;3474.6667;329.0000;0.0000;0.0000;0.0000;
83;1114.54;8972.30;422.66;3659.6667;65535.0000;4022.0000;362.3333;0.0000;0.0000;0.0000;
84;1115.36;8965.68;429.28;3352.3333;65535.0000;3662.3333;310.0000;0.0000;0.0000;0.0000;
85;1116.19;8959.07;435.89;3714.6667;65535.0000;4048.6667;334.0000;0.0000;0.0000;0.0000;
86;1117.01;8952.47;442.49;3415.0000;65535.0000;3745.3333;330.3333;0.0000;0.0000;0.0000;
87;1117.83;8945.88;449.08;3349.0000;65535.0000;3650.0000;301.0000;0.0000;0.0000;0.0000;
88;1118.66;8939.30;455.66;3079.3333;65535.0000;3405.0000;325.6667;0.0000;0.0000;0.0000;
89;1119.48;8932.73;462.23;3204.3333;65535.0000;3562.0000;357.6667;0.0000;0.0000;0.0000;
90;1120.30;8926.17;468.79;2977.6667;65535.0000;3276.3333;298.6667;0.0000;0.0000;0.0000;
91;1121.12;8919.62;475.34;3548.6667;65535.0000;3903.3333;354.6667;0.0000;0.0000;0.0000;
92;1121.95;8913.08;481.88;3544.6667;65535.0000;3843.0000;298.3333;0.0000;0.0000;0.0000;
93;1122.77;8906.55;488.42;3595.6667;65535.0000;3888.3333;292.6667;0.0000;0.0000;0.0000;
94;1123.59;8900.02;494.94;3009.0000;65535.0000;3317.0000;308.0000;0.0000;0.0000;0.0000;
95;1124.42;8893.51;501.45;3759.0000;65535.0000;4086.0000;327.0000;0.0000;0.0000;0.0000;
96;1125.24;8887.01;507.96;3486.6667;65535.0000;3817.3333;330.6667;0.0000;0.0000;0.0000;
97;1126.06;8880.51;514.45;3704.0000;65535.0000;4034.3333;330.3333;0.0000;0.0000;0.0000;
98;1126.88;8874.03;520.94;3163.3333;65535.0000;3446.6667;283.3333;0.0000;0.0000;0.0000;
99;1127.71;8867.55;527.41;3407.6667;65535.0000;3711.3333;303.6667;0.0000;0.0000;0.0000;
100;1128.53;8861.09;533.88;3132.3333;65535.0000;3425.6667;293.3333;0.0000;0.0000;0.0000;
101;1129.35;8854.63;540.34;3372.3333;65535.0000;3683.3333;311.0000;0.0000;0.0000;0.0000;
102;1130.18;8848.18;546.78;2782.6667;65535.0000;3070.0000;287.3333;0.0000;0.0000;0.0000;
103;1131.00;8841.74;553.22;3216.3333;65535.0000;3510.3333;294.0000;0.0000;0.0000;0.0000;
104;1131.82;8835.31;559.65;3115.6667;65535.0000;3403.6667;288.0000;0.0000;0.0000;0.0000;
105;1132.65;8828.89;566.07;3608.3333;65535.0000;3862.0000;253.6667;0.0000;0.0000;0.0000;
106;1133.47;8822.48;572.48;2786.3333;65535.0000;3036.0000;249.6667;0.0000;0.0000;0.0000;
107;1134.29;8816.08;578.89;3310.3333;65535.0000;3593.0000;282.6667;0.0000;0.0000;0.0000;
108;1135.11;8809.68;585.28;3178.6667;65535.0000;3456.3333;277.6667;0.0000;0.0000;0.0000;
109;1135.94;8803.30;591.66;2744.3333;65535.0000;3003.6667;259.3333;0.0000;0.0000;0.0000;
110;1136.76;8796.93;598.04;3313.3333;65535.0000;3565.0000;251.6667;0.0000;0.0000;0.0000;
111;1137.58;8790.56;604.40;3624.0000;65535.0000;3893.3333;269.3333;0.0000;0.0000;0.0000;
112;1138.41;8784.20;610.76;3459.3333;65535.0000;3728.6667;269.3333;0.0000;0.0000;0.0000;
113;1139.23;8777.86;617.11;3234.6667;65535.0000;3468.3333;233.6667;0.0000;0.0000;0.0000;
114;1140.05;8771.52;623.45;3450.0000;65535.0000;3667.6667;217.6667;0.0000;0.0000;0.0000;
115;1140.88;8765.19;629.78;3594.6667;65535.0000;3800.6667;206.0000;0.0000;0.0000;0.0000;
116;1141.70;8758.87;636.10;3149.3333;65535.0000;3402.3333;253.0000;0.0000;0.0000;0.0000;
117;1142.52;8752.55;642.41;3443.6667;65535.0000;3695.3333;251.6667;0.0000;0.0000;0.0000;
118;1143.35;8746.25;648.71;2972.6667;65535.0000;3211.3333;238.6667;0.0000;0.0000;0.0000;
119;1144.17;8739.96;655.01;3762.0000;65535.0000;3988.3333;226.3333;0.0000;0.0000;0.0000;
120;1144.99;8733.67;661.29;3431.3333;65535.0000;3685.0000;253.6667;0.0000;0.0000;0.0000;
121;1145.82;8727.40;667.57;3689.3333;65535.0000;3887.6667;198.3333;0.0000;0.0000;0.0000;
122;1146.64;8721.13;673.84;3225.0000;65535.0000;3463.6667;238.6667;0.0000;0.0000;0.0000;
123;1147.46;8714.87;680.09;3567.6667;65535.0000;3765.3333;197.6667;0.0000;0.0000;0.0000;
124;1148.29;8708.62;686.34;3140.6667;65535.0000;3373.3333;232.6667;0.0000;0.0000;0.0000;
125;1149.11;8702.38;692.59;3688.0000;65535.0000;3913.3333;225.3333;0.0000;0.0000;0.0000;
126;1149.93;8696.15;698.82;3136.6667;65535.0000;3329.0000;192.3333;0.0000;0.0000;0.0000;
127;1150.76;8689.92;705.04;3554.6667;65535.0000;3822.6667;268.0000;0.0000;0.0000;0.0000;
128;1151.58;8683.71;711.26;3021.6667;65535.0000;3295.0000;273.3333;0.0000;0.0000;0.0000;
129;1152.41;8677.50;717.46;3609.0000;65535.0000;3866.0000;257.0000;0.0000;0.0000;0.0000;
130;1153.23;8671.30;723.66;3507.6667;65535.0000;3780.3333;272.6667;0.0000;0.0000;0.0000;
131;1154.05;8665.11;729.85;3566.3333;65535.0000;3803.6667;237.3333;0.0000;0.0000;0.0000;
132;1154.88;8658.93;736.03;3687.6667;65535.0000;3922.0000;234.3333;0.0000;0.0000;0.0000;
133;1155.70;8652.76;742.20;3507.0000;65535.0000;3750.6667;243.6667;0.0000;0.0000;0.0000;
134;1156.52;8646.60;748.37;3343.0000;65535.0000;3563.0000;220.0000;0.0000;0.0000;0.0000;
135;1157.35;8640.44;754.52;3653.0000;65535.0000;3908.3333;255.3333;0.0000;0.0000;0.0000;
136;1158.17;8634.29;760.67;3332.6667;65535.0000;3576.6667;244.0000;0.0000;0.0000;0.0000;
137;1159.00;8628.16;766.81;3550.0000;65535.0000;3805.6667;255.6667;0.0000;0.0000;0.0000;
138;1159.82;8622.03;772.94;3511.6667;65535.0000;3769.3333;257.6667;0.0000;0.0000;0.0000;
139;1160.64;8615.91;779.06;3493.3333;65535.0000;3743.0000;249.6667;0.0000;0.0000;0.0000;
140;1161.47;8609.79;785.17;3604.6667;65535.0000;3838.0000;233.3333;0.0000;0.0000;0.0000;
141;1162.29;8603.69;791.28;3404.6667;65535.0000;3598.0000;193.3333;0.0000;0.0000;0.0000;
142;1163.12;8597.59;797.37;3207.6667;65535.0000;3440.0000;232.3333;0.0000;0.0000;0.0000;
143;1163.94;8591.50;803.46;3631.3333;65535.0000;3849.0000;217.6667;0.0000;0.0000;0.0000;
144;1164.76;8585.42;809.54;3345.3333;65535.0000;3587.6667;242.3333;0.0000;0.0000;0.0000;
145;1165.59;8579.35;815.61;3867.6667;65535.0000;4191.3333;323.6667;0.0000;0.0000;0.0000;
146;1166.41;8573.29;821.67;3416.6667;65535.0000;3720.6667;304.0000;0.0000;0.0000;0.0000;
147;1167.24;8567.24;827.73;3232.6667;65535.0000;3511.0000;278.3333;0.0000;0.0000;0.0000;
148;1168.06;8561.19;833.77;3582.3333;65535.0000;3898.0000;315.6667;0.0000;0.0000;0.0000;
149;1168.89;8555.15;839.81;3135.0000;65535.0000;3467.0000;332.0000;0.0000;0.0000;0.0000;
150;1169.71;8549.12;845.84;3108.0000;65535.0000;3462.6667;354.6667;0.0000;0.0000;0.0000;
151;1170.54;8543.10;851.86;3164.6667;65535.0000;3563.6667;399.0000;0.0000;0.0000;0.0000;
152;1171.36;8537.09;857.88;3588.0000;65535.0000;4036.6667;448.6667;0.0000;0.0000;0.0000;
153;1172.18;8531.08;863.88;3519.3333;65535.0000;3918.0000;398.6667;0.0000;0.0000;0.0000;
154;1173.01;8525.09;869.88;2983.0000;65535.0000;3413.0000;430.0000;0.0000;0.0000;0.0000;
155;1173.83;8519.10;875.87;3444.6667;65535.0000;3861.3333;416.6667;0.0000;0.0000;0.0000;
156;1174.66;8513.12;881.85;3561.0000;65535.0000;3959.0000;398.0000;0.0000;0.0000;0.0000;
157;1175.48;8507.14;887.82;3625.3333;65535.0000;3990.6667;365.3333;0.0000;0.0000;0.0000;
158;1176.31;8501.18;893.79;3147.0000;65535.0000;3548.0000;401.0000;0.0000;0.0000;0.0000;
159;1177.13;8495.22;899.74;3606.0000;65535.0000;3965.0000;359.0000;0.0000;0.0000;0.0000;
160;1177.96;8489.27;905.69;2764.0000;65535.0000;3105.3333;341.3333;0.0000;0.0000;0.0000;
161;1178.78;8483.33;911.63;3547.0000;65535.0000;3900.6667;353.6667;0.0000;0.0000;0.0000;
162;1179.61;8477.40;917.56;3135.3333;65535.0000;3506.0000;370.6667;0.0000;0.0000;0.0000;
163;1180.43;8471.47;923.49;3412.6667;65535.0000;3824.3333;411.6667;0.0000;0.0000;0.0000;
164;1181.26;8465.56;929.41;3110.6667;65535.0000;3501.6667;391.0000;0.0000;0.0000;0.0000;
165;1182.08;8459.65;935.32;3445.3333;65535.0000;3810.0000;364.6667;0.0000;0.0000;0.0000;
166;1182.91;8453.75;941.22;3230.6667;65535.0000;3605.0000;374.3333;0.0000;0.0000;0.0000;
167;1183.73;8447.85;947.11;3238.0000;65535.0000;3568.6667;330.6667;0.0000;0.0000;0.0000;
168;1184.56;8441.97;952.99;3464.0000;65535.0000;3788.0000;324.0000;0.0000;0.0000;0.0000;
169;1185.38;8436.09;958.87;3519.6667;65535.0000;3872.3333;352.6667;0.0000;0.0000;0.0000;
170;1186.21;8430.22;964.74;3371.0000;65535.0000;3792.3333;421.3333;0.0000;0.0000;0.0000;
171;1187.03;8424.36;970.60;3601.3333;65535.0000;3985.0000;383.6667;0.0000;0.0000;0.0000;
172;1187.86;8418.51;976.46;3384.6667;65535.0000;3745.6667;361.0000;0.0000;0.0000;0.0000;
173;1188.68;8412.66;982.30;3607.6667;65535.0000;3901.6667;294.0000;0.0000;0.0000;0.0000;
174;1189.51;8406.82;988.14;3265.6667;65535.0000;3580.3333;314.6667;0.0000;0.0000;0.0000;
175;1190.34;8400.99;993.97;3333.6667;65535.0000;3620.6667;287.0000;0.0000;0.0000;0.0000;
176;1191.16;8395.17;999.80;3332.0000;65535.0000;3666.0000;334.0000;0.0000;0.0000;0.0000;
177;1191.99;8389.35;1005.61;3367.3333;65535.0000;3747.3333;380.0000;0.0000;0.0000;0.0000;
178;1192.81;8383.55;1011.42;2858.0000;65535.0000;3188.6667;330.6667;0.0000;0.0000;0.0000;
179;1193.64;8377.75;1017.22;3800.0000;65535.0000;4156.6667;356.6667;0.0000;0.0000;0.0000;
180;1194.46;8371.95;1023.01;3381.3333;65535.0000;3723.6667;342.3333;0.0000;0.0000;0.0000;
181;1195.29;8366.17;1028.80;3796.3333;65535.0000;4168.0000;371.6667;0.0000;0.0000;0.0000;
182;1196.12;8360.39;1034.57;3532.0000;65535.0000;3922.3333;390.3333;0.0000;0.0000;0.0000;
183;1196.94;8354.62;1040.34;3055.3333;65535.0000;3433.6667;378.3333;0.0000;0.0000;0.0000;
184;1197.77;8348.86;1046.10;3464.3333;65535.0000;3837.0000;372.6667;0.0000;0.0000;0.0000;
185;1198.59;8343.10;1051.86;3574.6667;65535.0000;3877.6667;303.0000;0.0000;0.0000;0.0000;
186;1199.42;8337.36;1057.61;2802.0000;65535.0000;3171.0000;369.0000;0.0000;0.0000;0.0000;
187;1200.25;8331.62;1063.35;3305.0000;65535.0000;3720.3333;415.3333;0.0000;0.0000;0.0000;
188;1201.07;8325.89;1069.08;3408.0000;65535.0000;3852.6667;444.6667;0.0000;0.0000;0.0000;
189;1201.90;8320.16;1074.80;2881.0000;65535.0000;3342.6667;461.6667;0.0000;0.0000;0.0000;
190;1202.73;8314.45;1080.52;3121.3333;65535.0000;3563.3333;442.0000;0.0000;0.0000;0.0000;
191;1203.55;8308.74;1086.23;3599.0000;65535.0000;4030.0000;431.0000;0.0000;0.0000;0.0000;
192;1204.38;8303.03;1091.93;2876.0000;65535.0000;3235.3333;359.3333;0.0000;0.0000;0.0000;
193;1205.21;8297.34;1097.63;3312.3333;65535.0000;3648.3333;336.0000;0.0000;0.0000;0.0000;
194;1206.03;8291.65;1103.31;3230.6667;65535.0000;3538.6667;308.0000;0.0000;0.0000;0.0000;
195;1206.86;8285.97;1108.99;3460.0000;65535.0000;3756.3333;296.3333;0.0000;0.0000;0.0000;
196;1207.69;8280.30;1114.67;3248.6667;65535.0000;3507.6667;259.0000;0.0000;0.0000;0.0000;
197;1208.51;8274.63;1120.33;3132.3333;65535.0000;3398.0000;265.6667;0.0000;0.0000;0.0000;
198;1209.34;8268.98;1125.99;3147.3333;65535.0000;3411.6667;264.3333;0.0000;0.0000;0.0000;
199;1210.17;8263.32;1131.64;3528.0000;65535.0000;3770.6667;242.6667;0.0000;0.0000;0.0000;
200;1210.99;8257.68;1137.28;3461.6667;65535.0000;3707.0000;245.3333;0.0000;0.0000;0.0000;
201;1211.82;8252.05;1142.92;3709.0000;65535.0000;3913.0000;204.0000;0.0000;0.0000;0.0000;
202;1212.65;8246.42;1148.55;3098.0000;65535.0000;3331.3333;233.3333;0.0000;0.0000;0.0000;
203;1213.48;8240.79;1154.17;3425.6667;65535.0000;3648.0000;222.3333;0.0000;0.0000;0.0000;
204;1214.30;8235.18;1159.78;3502.3333;65535.0000;3703.0000;200.6667;0.0000;0.0000;0.0000;
205;1215.13;8229.57;1165.39;3558.0000;65535.0000;3774.3333;216.3333;0.0000;0.0000;0.0000;
206;1215.96;8223.97;1170.99;3112.0000;65535.0000;3294.3333;182.3333;0.0000;0.0000;0.0000;
207;1216.78;8218.38;1176.58;3308.0000;65535.0000;3538.3333;230.3333;0.0000;0.0000;0.0000;
208;1217.61;8212.79;1182.17;3149.0000;65535.0000;3346.0000;197.0000;0.0000;0.0000;0.0000;
209;1218.44;8207.22;1187.75;3432.3333;65535.0000;3605.6667;173.3333;0.0000;0.0000;0.0000;
210;1219.27;8201.64;1193.32;3159.3333;65535.0000;3339.0000;179.6667;0.0000;0.0000;0.0000;
211;1220.10;8196.08;1198.88;3412.3333;65535.0000;3579.0000;166.6667;0.0000;0.0000;0.0000;
212;1220.92;8190.52;1204.44;2707.3333;65535.0000;2917.6667;210.3333;0.0000;0.0000;0.0000;
213;1221.75;8184.97;1209.99;3864.3333;65535.0000;4064.6667;200.3333;0.0000;0.0000;0.0000;
214;1222.58;8179.43;1215.54;3295.3333;65535.0000;3502.0000;206.6667;0.0000;0.0000;0.0000;
215;1223.41;8173.89;1221.07;3603.0000;65535.0000;3832.0000;229.0000;0.0000;0.0000;0.0000;
216;1224.24;8168.36;1226.60;3511.0000;65535.0000;3733.0000;222.0000;0.0000;0.0000;0.0000;
217;1225.06;8162.84;1232.12;3461.3333;65535.0000;3705.3333;244.0000;0.0000;0.0000;0.0000;
218;1225.89;8157.33;1237.64;3009.3333;65535.0000;3291.6667;282.3333;0.0000;0.0000;0.0000;
219;1226.72;8151.82;1243.15;3446.3333;65535.0000;3722.0000;275.6667;0.0000;0.0000;0.0000;
220;1227.55;8146.32;1248.65;2936.0000;65535.0000;3272.0000;336.0000;0.0000;0.0000;0.0000;
221;1228.38;8140.82;1254.14;3356.3333;65535.0000;3730.0000;373.6667;0.0000;0.0000;0.0000;
222;1229.21;8135.33;1259.63;3431.6667;65535.0000;3842.3333;410.6667;0.0000;0.0000;0.0000;
223;1230.03;8129.85;1265.11;3057.0000;65535.0000;3511.3333;454.3333;0.0000;0.0000;0.0000;
224;1230.86;8124.38;1270.58;3488.6667;65535.0000;3915.3333;426.6667;0.0000;0.0000;0.0000;
225;1231.69;8118.91;1276.05;3288.0000;65535.0000;3737.0000;449.0000;0.0000;0.0000;0.0000;
226;1232.52;8113.45;1281.51;3453.6667;65535.0000;3848.6667;395.0000;0.0000;0.0000;0.0000;
227;1233.35;8108.00;1286.96;3403.0000;65535.0000;3802.6667;399.6667;0.0000;0.0000;0.0000;
228;1234.18;8102.55;1292.41;3356.0000;65535.0000;3782.3333;426.3333;0.0000;0.0000;0.0000;
229;1235.01;8097.11;1297.85;3665.6667;65535.0000;4201.0000;535.3333;0.0000;0.0000;0.0000;
230;1235.84;8091.68;1303.28;2956.6667;65535.0000;3472.0000;515.3333;0.0000;0.0000;0.0000;
231;1236.67;8086.26;1308.71;3791.0000;65535.0000;4275.3333;484.3333;0.0000;0.0000;0.0000;
232;1237.50;8080.84;1314.13;3420.0000;65535.0000;3845.6667;425.6667;0.0000;0.0000;0.0000;
233;1238.33;8075.42;1319.54;2977.0000;65535.0000;3398.3333;421.3333;0.0000;0.0000;0.0000;
234;1239.15;8070.02;1324.95;3459.6667;65535.0000;3799.3333;339.6667;0.0000;0.0000;0.0000;
235;1239.98;8064.62;1330.34;2952.6667;65535.0000;3241.6667;289.0000;0.0000;0.0000;0.0000;
236;1240.81;8059.23;1335.74;3672.3333;65535.0000;3930.0000;257.6667;0.0000;0.0000;0.0000;
237;1241.64;8053.84;1341.12;3492.6667;65535.0000;3723.0000;230.3333;0.0000;0.0000;0.0000;
238;1242.47;8048.46;1346.50;3305.3333;65535.0000;3564.3333;259.0000;0.0000;0.0000;0.0000;
239;1243.30;8043.09;1351.87;3555.6667;65535.0000;3798.0000;242.3333;0.0000;0.0000;0.0000;
240;1244.13;8037.72;1357.24;2841.6667;65535.0000;3056.3333;214.6667;0.0000;0.0000;0.0000;
241;1244.96;8032.37;1362.60;3004.3333;65535.0000;3216.6667;212.3333;0.0000;0.0000;0.0000;
242;1245.79;8027.01;1367.95;3249.6667;65535.0000;3457.6667;208.0000;0.0000;0.0000;0.0000;
243;1246.62;8021.67;1373.30;3547.3333;65535.0000;3772.6667;225.3333;0.0000;0.0000;0.0000;
244;1247.45;8016.33;1378.64;3333.3333;65535.0000;3494.6667;161.3333;0.0000;0.0000;0.0000;
245;1248.28;8010.99;1383.97;3395.0000;65535.0000;3605.0000;210.0000;0.0000;0.0000;0.0000;
246;1249.11;8005.67;1389.30;3432.3333;65535.0000;3646.0000;213.6667;0.0000;0.0000;0.0000;
247;1249.95;8000.35;1394.62;3530.3333;65535.0000;3693.0000;162.6667;0.0000;0.0000;0.0000;
248;1250.78;7995.04;1399.93;2984.3333;65535.0000;3166.0000;181.6667;0.0000;0.0000;0.0000;
249;1251.61;7989.73;1405.24;3337.3333;65535.0000;3577.6667;240.3333;0.0000;0.0000;0.0000;
250;1252.44;7984.43;1410.54;3127.3333;65535.0000;3333.6667;206.3333;0.0000;0.0000;0.0000;
251;1253.27;7979.14;1415.83;3561.0000;65535.0000;3821.6667;260.6667;0.0000;0.0000;0.0000;
252;1254.10;7973.85;1421.12;3281.3333;65535.0000;3559.3333;278.0000;0.0000;0.0000;0.0000;
253;1254.93;7968.57;1426.40;3742.3333;65535.0000;4082.0000;339.6667;0.0000;0.0000;0.0000;
254;1255.76;7963.29;1431.67;3572.6667;65535.0000;4041.6667;469.0000;0.0000;0.0000;0.0000;
255;1256.59;7958.02;1436.94;3468.6667;65535.0000;4146.6667;678.0000;0.0000;0.0000;0.0000;
256;1257.42;7952.76;1442.20;3149.3333;65535.0000;3859.6667;710.3333;0.0000;0.0000;0.0000;
257;1258.26;7947.51;1447.46;3610.0000;65535.0000;4326.6667;716.6667;0.0000;0.0000;0.0000;
258;1259.09;7942.26;1452.71;3274.3333;65535.0000;3962.6667;688.3333;0.0000;0.0000;0.0000;
259;1259.92;7937.02;1457.95;3455.6667;65535.0000;4047.6667;592.0000;0.0000;0.0000;0.0000;
260;1260.75;7931.78;1463.18;3541.6667;65535.0000;4069.3333;527.6667;0.0000;0.0000;0.0000;
261;1261.58;7926.55;1468.41;3280.0000;65535.0000;3697.6667;417.6667;0.0000;0.0000;0.0000;
262;1262.41;7921.33;1473.64;3431.3333;65535.0000;3780.0000;348.6667;0.0000;0.0000;0.0000;
263;1263.25;7916.11;1478.85;3567.6667;65535.0000;3773.0000;205.3333;0.0000;0.0000;0.0000;
264;1264.08;7910.90;1484.07;2920.6667;65535.0000;3115.3333;194.6667;0.0000;0.0000;0.0000;
265;1264.91;7905.69;1489.27;3514.3333;65535.0000;3659.3333;145.0000;0.0000;0.0000;0.0000;
266;1265.74;7900.50;1494.47;3448.6667;65535.0000;3546.0000;97.3333;0.0000;0.0000;0.0000;
267;1266.58;7895.30;1499.66;3432.3333;65535.0000;3547.3333;115.0000;0.0000;0.0000;0.0000;
268;1267.41;7890.12;1504.85;3399.0000;65535.0000;3519.3333;120.3333;0.0000;0.0000;0.0000;
269;1268.24;7884.94;1510.03;3215.3333;65535.0000;3316.3333;101.0000;0.0000;0.0000;0.0000;
270;1269.07;7879.76;1515.20;2876.3333;65535.0000;2981.6667;105.3333;0.0000;0.0000;0.0000;
271;1269.91;7874.60;1520.37;3378.3333;65535.0000;3494.6667;116.3333;0.0000;0.0000;0.0000;
272;1270.74;7869.44;1525.53;3019.6667;65535.0000;3130.0000;110.3333;0.0000;0.0000;0.0000;
273;1271.57;7864.28;1530.68;3704.0000;65535.0000;3765.6667;61.6667;0.0000;0.0000;0.0000;
274;1272.41;7859.13;1535.83;3238.0000;65535.0000;3312.0000;74.0000;0.0000;0.0000;0.0000;
275;1273.24;7853.99;1540.98;3477.6667;65535.0000;3610.6667;133.0000;0.0000;0.0000;0.0000;
276;1274.07;7848.85;1546.11;3112.3333;65535.0000;3214.0000;101.6667;0.0000;0.0000;0.0000;
277;1274.91;7843.72;1551.24;3064.0000;65535.0000;3189.3333;125.3333;0.0000;0.0000;0.0000;
278;1275.74;7838.60;1556.37;3629.0000;65535.0000;3740.3333;111.3333;0.0000;0.0000;0.0000;
279;1276.57;7833.48;1561.49;3719.0000;65535.0000;3837.3333;118.3333;0.0000;0.0000;0.0000;
280;1277.41;7828.37;1566.60;3373.0000;65535.0000;3452.0000;79.0000;0.0000;0.0000;0.0000;
281;1278.24;7823.26;1571.70;3419.3333;65535.0000;3525.3333;106.0000;0.0000;0.0000;0.0000;
282;1279.07;7818.16;1576.80;3229.6667;65535.0000;3312.3333;82.6667;0.0000;0.0000;0.0000;
283;1279.91;7813.07;1581.90;3382.6667;65535.0000;3485.3333;102.6667;0.0000;0.0000;0.0000;
284;1280.74;7807.98;1586.99;3365.6667;65535.0000;3444.0000;78.3333;0.0000;0.0000;0.0000;
285;1281.58;7802.89;1592.07;3234.0000;65535.0000;3347.6667;113.6667;0.0000;0.0000;0.0000;
286;1282.41;7797.82;1597.15;3609.0000;65535.0000;3742.3333;133.3333;0.0000;0.0000;0.0000;
287;1283.24;7792.75;1602.22;3453.0000;65535.0000;3561.3333;108.3333;0.0000;0.0000;0.0000;
288;1284.08;7787.68;1607.28;3329.6667;65535.0000;3459.3333;129.6667;0.0000;0.0000;0.0000;
289;1284.91;7782.63;1612.34;4145.6667;65535.0000;4261.6667;116.0000;0.0000;0.0000;0.0000;
290;1285.75;7777.57;1617.39;3452.3333;65535.0000;3616.0000;163.6667;0.0000;0.0000;0.0000;
291;1286.58;7772.53;1622.44;3530.6667;65535.0000;3651.3333;120.6667;0.0000;0.0000;0.0000;
292;1287.42;7767.49;1627.48;3442.6667;65535.0000;3586.0000;143.3333;0.0000;0.0000;0.0000;
293;1288.25;7762.45;1632.51;3017.3333;65535.0000;3216.0000;198.6667;0.0000;0.0000;0.0000;
294;1289.09;7757.42;1637.54;3289.3333;65535.0000;3439.0000;149.6667;0.0000;0.0000;0.0000;
295;1289.92;7752.40;1642.57;3319.3333;65535.0000;3563.0000;243.6667;0.0000;0.0000;0.0000;
296;1290.76;7747.38;1647.58;3361.6667;65535.0000;3716.3333;354.6667;0.0000;0.0000;0.0000;
297;1291.59;7742.37;1652.59;3651.3333;65535.0000;4055.3333;404.0000;0.0000;0.0000;0.0000;
298;1292.43;7737.36;1657.60;3247.0000;65535.0000;3667.3333;420.3333;0.0000;0.0000;0.0000;
299;1293.27;7732.36;1662.60;3754.3333;65535.0000;4073.6667;319.3333;0.0000;0.0000;0.0000;
300;1294.10;7727.37;1667.59;3226.0000;65535.0000;3522.3333;296.3333;0.0000;0.0000;0.0000;
301;1294.94;7722.38;1672.58;3496.6667;65535.0000;3741.0000;244.3333;0.0000;0.0000;0.0000;
302;1295.77;7717.40;1677.56;3295.0000;65535.0000;3502.6667;207.6667;0.0000;0.0000;0.0000;
303;1296.61;7712.42;1682.54;3247.6667;65535.0000;3427.3333;179.6667;0.0000;0.0000;0.0000;
304;1297.45;7707.45;1687.51;2825.3333;65535.0000;3007.0000;181.6667;0.0000;0.0000;0.0000;
305;1298.28;7702.49;1692.48;3068.0000;65535.0000;3243.6667;175.6667;0.0000;0.0000;0.0000;
306;1299.12;7697.53;1697.44;3623.6667;65535.0000;3748.3333;124.6667;0.0000;0.0000;0.0000;
307;1299.96;7692.57;1702.39;3715.3333;65535.0000;3838.6667;123.3333;0.0000;0.0000;0.0000;
308;1300.79;7687.63;1707.34;3580.3333;65535.0000;3680.0000;99.6667;0.0000;0.0000;0.0000;
309;1301.63;7682.68;1712.28;3384.3333;65535.0000;3460.3333;76.0000;0.0000;0.0000;0.0000;
310;1302.47;7677.75;1717.22;3287.3333;65535.0000;3317.6667;30.3333;0.0000;0.0000;0.0000;
311;1303.30;7672.82;1722.15;3558.6667;65535.0000;3629.0000;70.3333;0.0000;0.0000;0.0000;
312;1304.14;7667.89;1727.07;3509.6667;65535.0000;3578.0000;68.3333;0.0000;0.0000;0.0000;
313;1304.98;7662.97;1731.99;3811.0000;65535.0000;3894.0000;83.0000;0.0000;0.0000;0.0000;
314;1305.81;7658.06;1736.91;3620.3333;65535.0000;3725.3333;105.0000;0.0000;0.0000;0.0000;
315;1306.65;7653.15;1741.82;3703.0000;65535.0000;3801.3333;98.3333;0.0000;0.0000;0.0000;
316;1307.49;7648.24;1746.72;3577.6667;65535.0000;3716.0000;138.3333;0.0000;0.0000;0.0000;
317;1308.33;7643.35;1751.62;3266.0000;65535.0000;3359.0000;93.0000;0.0000;0.0000;0.0000;
318;1309.17;7638.46;1756.51;3002.6667;65535.0000;3112.0000;109.3333;0.0000;0.0000;0.0000;
319;1310.00;7633.57;1761.40;3293.0000;65535.0000;3410.0000;117.0000;0.0000;0.0000;0.0000;
320;1310.84;7628.69;1766.28;3482.0000;65535.0000;3564.3333;82.3333;0.0000;0.0000;0.0000;
321;1311.68;7623.81;1771.15;3672.3333;65535.0000;3758.0000;85.6667;0.0000;0.0000;0.0000;
322;1312.52;7618.94;1776.02;3510.6667;65535.0000;3551.6667;41.0000;0.0000;0.0000;0.0000;
323;1313.36;7614.08;1780.88;3474.0000;65535.0000;3528.3333;54.3333;0.0000;0.0000;0.0000;
324;1314.19;7609.22;1785.74;3187.3333;65535.0000;3243.0000;55.6667;0.0000;0.0000;0.0000;
325;1315.03;7604.37;1790.60;3344.0000;65535.0000;3388.3333;44.3333;0.0000;0.0000;0.0000;
326;1315.87;7599.52;1795.44;3285.6667;65535.0000;3329.3333;43.6667;0.0000;0.0000;0.0000;
327;1316.71;7594.68;1800.29;3773.3333;65535.0000;3793.0000;19.6667;0.0000;0.0000;0.0000;
328;1317.55;7589.84;1805.12;2880.6667;65535.0000;2873.0000;-7.6667;0.0000;0.0000;0.0000;
329;1318.39;7585.01;1809.95;3642.0000;65535.0000;3700.0000;58.0000;0.0000;0.0000;0.0000;
330;1319.23;7580.18;1814.78;3503.3333;65535.0000;3546.6667;43.3333;0.0000;0.0000;0.0000;
331;1320.07;7575.36;1819.60;3203.0000;65535.0000;3277.3333;74.3333;0.0000;0.0000;0.0000;
332;1320.91;7570.55;1824.42;3174.0000;65535.0000;3229.3333;55.3333;0.0000;0.0000;0.0000;
333;1321.75;7565.74;1829.23;3592.3333;65535.0000;3654.0000;61.6667;0.0000;0.0000;0.0000;
334;1322.59;7560.93;1834.03;3715.3333;65535.0000;3766.3333;51.0000;0.0000;0.0000;0.0000;
335;1323.43;7556.14;1838.83;3294.3333;65535.0000;3303.0000;8.6667;0.0000;0.0000;0.0000;
336;1324.27;7551.34;1843.62;3179.6667;65535.0000;3212.3333;32.6667;0.0000;0.0000;0.0000;
337;1325.11;7546.55;1848.41;3243.0000;65535.0000;3289.3333;46.3333;0.0000;0.0000;0.0000;
338;1325.95;7541.77;1853.19;3423.0000;65535.0000;3481.0000;58.0000;0.0000;0.0000;0.0000;
339;1326.79;7536.99;1857.97;3704.0000;65535.0000;3734.3333;30.3333;0.0000;0.0000;0.0000;
340;1327.63;7532.22;1862.74;3483.0000;65535.0000;3531.0000;48.0000;0.0000;0.0000;0.0000;
341;1328.47;7527.45;1867.51;3544.6667;65535.0000;3570.0000;25.3333;0.0000;0.0000;0.0000;
342;1329.31;7522.69;1872.27;3721.3333;65535.0000;3729.6667;8.3333;0.0000;0.0000;0.0000;
343;1330.15;7517.94;1877.03;3365.3333;65535.0000;3363.0000;-2.3333;0.0000;0.0000;0.0000;
344;1330.99;7513.19;1881.78;3230.0000;65535.0000;3263.3333;33.3333;0.0000;0.0000;0.0000;
345;1331.83;7508.44;1886.52;3147.3333;65535.0000;3189.6667;42.3333;0.0000;0.0000;0.0000;
346;1332.68;7503.70;1891.27;3141.0000;65535.0000;3175.3333;34.3333;0.0000;0.0000;0.0000;
347;1333.52;7498.96;1896.00;3376.6667;65535.0000;3412.3333;35.6667;0.0000;0.0000;0.0000;
348;1334.36;7494.23;1900.73;3182.3333;65535.0000;3235.0000;52.6667;0.0000;0.0000;0.0000;
349;1335.20;7489.51;1905.46;3482.6667;65535.0000;3527.3333;44.6667;0.0000;0.0000;0.0000;
350;1336.04;7484.79;1910.18;2944.3333;65535.0000;2985.0000;40.6667;0.0000;0.0000;0.0000;
351;1336.89;7480.07;1914.89;3204.6667;65535.0000;3271.3333;66.6667;0.0000;0.0000;0.0000;
352;1337.73;7475.37;1919.60;3204.6667;65535.0000;3248.6667;44.0000;0.0000;0.0000;0.0000;
353;1338.57;7470.66;1924.30;3532.3333;65535.0000;3511.6667;-20.6667;0.0000;0.0000;0.0000;
354;1339.41;7465.96;1929.00;2905.0000;65535.0000;2919.6667;14.6667;0.0000;0.0000;0.0000;
355;1340.25;7461.27;1933.70;3329.0000;65535.0000;3339.0000;10.0000;0.0000;0.0000;0.0000;
356;1341.10;7456.58;1938.38;3258.6667;65535.0000;3259.6667;1.0000;0.0000;0.0000;0.0000;
357;1341.94;7451.90;1943.07;3082.6667;65535.0000;3138.6667;56.0000;0.0000;0.0000;0.0000;
358;1342.78;7447.22;1947.75;3506.6667;65535.0000;3547.3333;40.6667;0.0000;0.0000;0.0000;
359;1343.63;7442.54;1952.42;3506.3333;65535.0000;3530.0000;23.6667;0.0000;0.0000;0.0000;
360;1344.47;7437.88;1957.09;3406.3333;65535.0000;3424.0000;17.6667;0.0000;0.0000;0.0000;
361;1345.31;7433.21;1961.75;3683.6667;65535.0000;3688.6667;5.0000;0.0000;0.0000;0.0000;
362;1346.16;7428.55;1966.41;3214.0000;65535.0000;3288.0000;74.0000;0.0000;0.0000;0.0000;
363;1347.00;7423.90;1971.06;3380.0000;65535.0000;3466.3333;86.3333;0.0000;0.0000;0.0000;
364;1347.84;7419.25;1975.71;3134.3333;65535.0000;3171.6667;37.3333;0.0000;0.0000;0.0000;
365;1348.69;7414.61;1980.35;3102.6667;65535.0000;3124.3333;21.6667;0.0000;0.0000;0.0000;
366;1349.53;7409.97;1984.99;2877.6667;65535.0000;2898.0000;20.3333;0.0000;0.0000;0.0000;
367;1350.38;7405.34;1989.62;3626.0000;65535.0000;3660.3333;34.3333;0.0000;0.0000;0.0000;
368;1351.22;7400.71;1994.25;3528.0000;65535.0000;3572.3333;44.3333;0.0000;0.0000;0.0000;
369;1352.07;7396.09;1998.88;3596.0000;65535.0000;3599.6667;3.6667;0.0000;0.0000;0.0000;
370;1352.91;7391.47;2003.49;3227.6667;65535.0000;3266.6667;39.0000;0.0000;0.0000;0.0000;
371;1353.76;7386.86;2008.11;3208.6667;65535.0000;3214.3333;5.6667;0.0000;0.0000;0.0000;
372;1354.60;7382.25;2012.71;3683.6667;65535.0000;3684.3333;0.6667;0.0000;0.0000;0.0000;
373;1355.45;7377.65;2017.32;3831.0000;65535.0000;3857.0000;26.0000;0.0000;0.0000;0.0000;
374;1356.29;7373.05;2021.92;3368.0000;65535.0000;3393.0000;25.0000;0.0000;0.0000;0.0000;
375;1357.14;7368.46;2026.51;3597.6667;65535.0000;3686.3333;88.6667;0.0000;0.0000;0.0000;
376;1357.98;7363.87;2031.10;3236.0000;65535.0000;3280.6667;44.6667;0.0000;0.0000;0.0000;
377;1358.83;7359.28;2035.68;3500.3333;65535.0000;3550.3333;50.0000;0.0000;0.0000;0.0000;
378;1359.67;7354.71;2040.26;3158.6667;65535.0000;3165.3333;6.6667;0.0000;0.0000;0.0000;
379;1360.52;7350.13;2044.83;3635.3333;65535.0000;3633.6667;-1.6667;0.0000;0.0000;0.0000;
380;1361.37;7345.56;2049.40;3412.6667;65535.0000;3413.3333;0.6667;0.0000;0.0000;0.0000;
381;1362.21;7341.00;2053.96;3860.3333;65535.0000;3914.0000;53.6667;0.0000;0.0000;0.0000;
382;1363.06;7336.44;2058.52;3720.6667;65535.0000;3759.0000;38.3333;0.0000;0.0000;0.0000;
383;1363.91;7331.89;2063.08;3215.3333;65535.0000;3243.0000;27.6667;0.0000;0.0000;0.0000;
384;1364.75;7327.34;2067.63;3460.0000;65535.0000;3475.0000;15.0000;0.0000;0.0000;0.0000;
385;1365.60;7322.79;2072.17;3020.0000;65535.0000;3060.0000;40.0000;0.0000;0.0000;0.0000;
386;1366.45;7318.25;2076.71;3262.3333;65535.0000;3314.0000;51.6667;0.0000;0.0000;0.0000;
387;1367.29;7313.72;2081.24;3821.0000;65535.0000;3834.6667;13.6667;0.0000;0.0000;0.0000;
388;1368.14;7309.19;2085.77;3328.0000;65535.0000;3356.6667;28.6667;0.0000;0.0000;0.0000;
389;1368.99;7304.66;2090.30;3504.6667;65535.0000;3557.6667;53.0000;0.0000;0.0000;0.0000;
390;1369.84;7300.14;2094.82;3426.6667;65535.0000;3441.0000;14.3333;0.0000;0.0000;0.0000;
391;1370.68;7295.63;2099.34;3746.3333;65535.0000;3781.0000;34.6667;0.0000;0.0000;0.0000;
392;1371.53;7291.12;2103.85;3461.6667;65535.0000;3498.0000;36.3333;0.0000;0.0000;0.0000;
393;1372.38;7286.61;2108.35;3364.0000;65535.0000;3397.0000;33.0000;0.0000;0.0000;0.0000;
394;1373.23;7282.11;2112.85;2978.3333;65535.0000;3040.6667;62.3333;0.0000;0.0000;0.0000;
395;1374.08;7277.61;2117.35;3696.6667;65535.0000;3756.6667;60.0000;0.0000;0.0000;0.0000;
396;1374.93;7273.12;2121.84;3313.6667;65535.0000;3329.0000;15.3333;0.0000;0.0000;0.0000;
397;1375.77;7268.63;2126.33;3799.6667;65535.0000;3840.0000;40.3333;0.0000;0.0000;0.0000;
398;1376.62;7264.15;2130.81;3064.6667;65535.0000;3063.3333;-1.3333;0.0000;0.0000;0.0000;
399;1377.47;7259.67;2135.29;3696.6667;65535.0000;3693.3333;-3.3333;0.0000;0.0000;0.0000;
400;1378.32;7255.20;2139.76;3131.0000;65535.0000;3147.0000;16.0000;0.0000;0.0000;0.0000;
401;1379.17;7250.73;2144.23;3722.3333;65535.0000;3777.0000;54.6667;0.0000;0.0000;0.0000;
402;1380.02;7246.27;2148.69;3315.3333;65535.0000;3343.0000;27.6667;0.0000;0.0000;0.0000;
403;1380.87;7241.81;2153.15;3379.3333;65535.0000;3408.3333;29.0000;0.0000;0.0000;0.0000;
404;1381.72;7237.36;2157.61;3011.3333;65535.0000;3045.3333;34.0000;0.0000;0.0000;0.0000;
405;1382.57;7232.91;2162.06;3613.3333;65535.0000;3633.3333;20.0000;0.0000;0.0000;0.0000;
406;1383.42;7228.46;2166.50;3241.0000;65535.0000;3313.0000;72.0000;0.0000;0.0000;0.0000;
407;1384.27;7224.02;2170.94;3830.0000;65535.0000;3844.3333;14.3333;0.0000;0.0000;0.0000;
408;1385.12;7219.59;2175.38;3201.6667;65535.0000;3210.0000;8.3333;0.0000;0.0000;0.0000;
409;1385.97;7215.15;2179.81;3633.3333;65535.0000;3714.6667;81.3333;0.0000;0.0000;0.0000;
410;1386.82;7210.73;2184.24;3751.0000;65535.0000;3750.6667;-0.3333;0.0000;0.0000;0.0000;
411;1387.67;7206.31;2188.66;3719.6667;65535.0000;3774.6667;55.0000;0.0000;0.0000;0.0000;
412;1388.52;7201.89;2193.08;3209.3333;65535.0000;3242.0000;32.6667;0.0000;0.0000;0.0000;
413;1389.38;7197.47;2197.49;3847.6667;65535.0000;3834.0000;-13.6667;0.0000;0.0000;0.0000;
414;1390.23;7193.07;2201.90;3104.3333;65535.0000;3139.6667;35.3333;0.0000;0.0000;0.0000;
415;1391.08;7188.66;2206.30;3520.6667;65535.0000;3513.6667;-7.0000;0.0000;0.0000;0.0000;
416;1391.93;7184.26;2210.70;3169.6667;65535.0000;3156.6667;-13.0000;0.0000;0.0000;0.0000;
417;1392.78;7179.87;2215.10;3214.0000;65535.0000;3257.3333;43.3333;0.0000;0.0000;0.0000;
418;1393.64;7175.48;2219.49;3048.3333;65535.0000;3064.6667;16.3333;0.0000;0.0000;0.0000;
419;1394.49;7171.09;2223.87;3639.3333;65535.0000;3689.3333;50.0000;0.0000;0.0000;0.0000;
420;1395.34;7166.71;2228.25;3659.6667;65535.0000;3699.3333;39.6667;0.0000;0.0000;0.0000;
421;1396.19;7162.33;2232.63;3957.6667;65535.0000;3962.3333;4.6667;0.0000;0.0000;0.0000;
422;1397.05;7157.96;2237.00;3541.6667;65535.0000;3593.0000;51.3333;0.0000;0.0000;0.0000;
423;1397.90;7153.59;2241.37;3578.6667;65535.0000;3576.0000;-2.6667;0.0000;0.0000;0.0000;
424;1398.75;7149.23;2245.73;3045.3333;65535.0000;3072.3333;27.0000;0.0000;0.0000;0.0000;
425;1399.61;7144.87;2250.09;3517.0000;65535.0000;3512.0000;-5.0000;0.0000;0.0000;0.0000;
426;1400.46;7140.52;2254.45;3376.3333;65535.0000;3404.0000;27.6667;0.0000;0.0000;0.0000;
427;1401.31;7136.17;2258.80;3719.3333;65535.0000;3744.6667;25.3333;0.0000;0.0000;0.0000;
428;1402.17;7131.82;2263.14;3001.6667;65535.0000;3026.6667;25.0000;0.0000;0.0000;0.0000;
429;1403.02;7127.48;2267.48;3743.0000;65535.0000;3756.6667;13.6667;0.0000;0.0000;0.0000;
430;1403.87;7123.14;2271.82;3029.6667;65535.0000;3031.3333;1.6667;0.0000;0.0000;0.0000;
431;1404.73;7118.81;2276.15;3649.6667;65535.0000;3642.3333;-7.3333;0.0000;0.0000;0.0000;
432;1405.58;7114.48;2280.48;2771.3333;65535.0000;2785.0000;13.6667;0.0000;0.0000;0.0000;
433;1406.44;7110.16;2284.80;3237.3333;65535.0000;3240.3333;3.0000;0.0000;0.0000;0.0000;
434;1407.29;7105.84;2289.12;3139.3333;65535.0000;3131.0000;-8.3333;0.0000;0.0000;0.0000;
435;1408.15;7101.53;2293.44;3329.6667;65535.0000;3335.0000;5.3333;0.0000;0.0000;0.0000;
436;1409.00;7097.22;2297.75;3395.3333;65535.0000;3412.6667;17.3333;0.0000;0.0000;0.0000;
437;1409.86;7092.91;2302.06;3471.3333;65535.0000;3474.6667;3.3333;0.0000;0.0000;0.0000;
438;1410.71;7088.61;2306.36;3442.6667;65535.0000;3467.0000;24.3333;0.0000;0.0000;0.0000;
439;1411.57;7084.31;2310.65;3408.3333;65535.0000;3414.6667;6.3333;0.0000;0.0000;0.0000;
440;1412.43;7080.02;2314.95;3075.0000;65535.0000;3098.3333;23.3333;0.0000;0.0000;0.0000;
441;1413.28;7075.73;2319.24;3486.0000;65535.0000;3453.0000;-33.0000;0.0000;0.0000;0.0000;
442;1414.14;7071.44;2323.52;3306.6667;65535.0000;3310.3333;3.6667;0.0000;0.0000;0.0000;
443;1414.99;7067.16;2327.80;4162.0000;65535.0000;4177.0000;15.0000;0.0000;0.0000;0.0000;
444;1415.85;7062.89;2332.08;3226.3333;65535.0000;3239.0000;12.6667;0.0000;0.0000;0.0000;
445;1416.71;7058.62;2336.35;3368.6667;65535.0000;3385.6667;17.0000;0.0000;0.0000;0.0000;
446;1417.57;7054.35;2340.62;3299.6667;65535.0000;3319.0000;19.3333;0.0000;0.0000;0.0000;
447;1418.42;7050.09;2344.88;3757.0000;65535.0000;3731.3333;-25.6667;0.0000;0.0000;0.0000;
448;1419.28;7045.83;2349.14;3298.0000;65535.0000;3319.6667;21.6667;0.0000;0.0000;0.0000;
449;1420.14;7041.57;2353.39;3394.3333;65535.0000;3387.3333;-7.0000;0.0000;0.0000;0.0000;
450;1421.00;7037.32;2357.64;3100.3333;65535.0000;3076.6667;-23.6667;0.0000;0.0000;0.0000;
451;1421.85;7033.08;2361.89;3533.0000;65535.0000;3525.3333;-7.6667;0.0000;0.0000;0.0000;
452;1422.71;7028.83;2366.13;3136.3333;65535.0000;3152.3333;16.0000;0.0000;0.0000;0.0000;
453;1423.57;7024.60;2370.37;3191.6667;65535.0000;3225.3333;33.6667;0.0000;0.0000;0.0000;
454;1424.43;7020.36;2374.60;3318.3333;65535.0000;3334.3333;16.0000;0.0000;0.0000;0.0000;
455;1425.29;7016.13;2378.83;3853.3333;65535.0000;3859.3333;6.0000;0.0000;0.0000;0.0000;
456;1426.15;7011.91;2383.06;3131.3333;65535.0000;3132.3333;1.0000;0.0000;0.0000;0.0000;
457;1427.00;7007.69;2387.28;3338.6667;65535.0000;3330.0000;-8.6667;0.0000;0.0000;0.0000;
458;1427.86;7003.47;2391.49;3005.3333;65535.0000;2987.3333;-18.0000;0.0000;0.0000;0.0000;
459;1428.72;6999.26;2395.71;3725.3333;65535.0000;3716.3333;-9.0000;0.0000;0.0000;0.0000;
460;1429.58;6995.05;2399.92;3517.6667;65535.0000;3489.0000;-28.6667;0.0000;0.0000;0.0000;
461;1430.44;6990.84;2404.12;3457.6667;65535.0000;3479.3333;21.6667;0.0000;0.0000;0.0000;
462;1431.30;6986.64;2408.32;3298.3333;65535.0000;3301.3333;3.0000;0.0000;0.0000;0.0000;
463;1432.16;6982.45;2412.52;3252.6667;65535.0000;3287.6667;35.0000;0.0000;0.0000;0.0000;
464;1433.02;6978.26;2416.71;3233.0000;65535.0000;3270.3333;37.3333;0.0000;0.0000;0.0000;
465;1433.88;6974.07;2420.90;3550.3333;65535.0000;3544.0000;-6.3333;0.0000;0.0000;0.0000;
466;1434.74;6969.88;2425.08;3537.3333;65535.0000;3557.6667;20.3333;0.0000;0.0000;0.0000;
467;1435.60;6965.71;2429.26;3664.6667;65535.0000;3632.0000;-32.6667;0.0000;0.0000;0.0000;
468;1436.47;6961.53;2433.43;3295.3333;65535.0000;3276.3333;-19.0000;0.0000;0.0000;0.0000;
469;1437.33;6957.36;2437.61;3754.0000;65535.0000;3777.3333;23.3333;0.0000;0.0000;0.0000;
470;1438.19;6953.19;2441.77;3304.6667;65535.0000;3286.0000;-18.6667;0.0000;0.0000;0.0000;
471;1439.05;6949.03;2445.94;3075.0000;65535.0000;3080.6667;5.6667;0.0000;0.0000;0.0000;
472;1439.91;6944.87;2450.10;3452.0000;65535.0000;3450.3333;-1.6667;0.0000;0.0000;0.0000;
473;1440.77;6940.71;2454.25;3621.6667;65535.0000;3653.0000;31.3333;0.0000;0.0000;0.0000;
474;1441.64;6936.56;2458.40;2763.0000;65535.0000;2755.6667;-7.3333;0.0000;0.0000;0.0000;
475;1442.50;6932.42;2462.55;3292.6667;65535.0000;3311.0000;18.3333;0.0000;0.0000;0.0000;
476;1443.36;6928.27;2466.69;2956.6667;65535.0000;2945.0000;-11.6667;0.0000;0.0000;0.0000;
477;1444.22;6924.13;2470.83;3026.3333;65535.0000;3005.3333;-21.0000;0.0000;0.0000;0.0000;
478;1445.09;6920.00;2474.97;3326.0000;65535.0000;3284.0000;-42.0000;0.0000;0.0000;0.0000;
479;1445.95;6915.87;2479.10;3162.0000;65535.0000;3178.6667;16.6667;0.0000;0.0000;0.0000;
480;1446.81;6911.74;2483.22;3104.6667;65535.0000;3074.6667;-30.0000;0.0000;0.0000;0.0000;
481;1447.68;6907.62;2487.35;3444.3333;65535.0000;3478.6667;34.3333;0.0000;0.0000;0.0000;
482;1448.54;6903.50;2491.47;3379.0000;65535.0000;3414.3333;35.3333;0.0000;0.0000;0.0000;
483;1449.40;6899.38;2495.58;3426.0000;65535.0000;3455.6667;29.6667;0.0000;0.0000;0.0000;
484;1450.27;6895.27;2499.69;3190.0000;65535.0000;3174.0000;-16.0000;0.0000;0.0000;0.0000;
485;1451.13;6891.16;2503.80;3465.3333;65535.0000;3442.3333;-23.0000;0.0000;0.0000;0.0000;
486;   ;   ;   ;3539.0000;65535.0000;3537.0000;-2.0000;0.0000;0.0000;0.0000;
487;   ;   ;   ;3557.6667;65535.0000;3563.0000;5.3333;0.0000;0.0000;0.0000;
488;   ;   ;   ;3258.0000;65535.0000;3257.6667;-0.3333;0.0000;0.0000;0.0000;
489;   ;   ;   ;3208.3333;65535.0000;3262.3333;54.0000;0.0000;0.0000;0.0000;
490;   ;   ;   ;3612.6667;65535.0000;3594.3333;-18.3333;0.0000;0.0000;0.0000;
491;   ;   ;   ;3492.0000;65535.0000;3498.6667;6.6667;0.0000;0.0000;0.0000;
492;   ;   ;   ;3213.0000;65535.0000;3196.3333;-16.6667;0.0000;0.0000;0.0000;
493;   ;   ;   ;3547.3333;65535.0000;3510.6667;-36.6667;0.0000;0.0000;0.0000;
494;   ;   ;   ;3272.3333;65535.0000;3281.0000;8.6667;0.0000;0.0000;0.0000;
495;   ;   ;   ;3363.3333;65535.0000;3353.3333;-10.0000;0.0000;0.0000;0.0000;
496;   ;   ;   ;2790.3333;65535.0000;2792.3333;2.0000;0.0000;0.0000;0.0000;
497;   ;   ;   ;3644.6667;65535.0000;3654.3333;9.6667;0.0000;0.0000;0.0000;
498;   ;   ;   ;2864.3333;65535.0000;2874.0000;9.6667;0.0000;0.0000;0.0000;
499;   ;   ;   ;3154.0000;65535.0000;3176.0000;22.0000;0.0000;0.0000;0.0000;
500;   ;   ;   ;3164.6667;65535.0000;3161.0000;-3.6667;0.0000;0.0000;0.0000;
501;   ;   ;   ;3163.0000;65535.0000;3134.3333;-28.6667;0.0000;0.0000;0.0000;
502;   ;   ;   ;3153.3333;65535.0000;3144.0000;-9.3333;0.0000;0.0000;0.0000;
503;   ;   ;   ;3521.3333;65535.0000;3498.3333;-23.0000;0.0000;0.0000;0.0000;
504;   ;   ;   ;3419.6667;65535.0000;3402.3333;-17.3333;0.0000;0.0000;0.0000;
505;   ;   ;   ;3306.0000;65535.0000;3296.3333;-9.6667;0.0000;0.0000;0.0000;
506;   ;   ;   ;3028.6667;65535.0000;3053.3333;24.6667;0.0000;0.0000;0.0000;
507;   ;   ;   ;3182.0000;65535.0000;3216.0000;34.0000;0.0000;0.0000;0.0000;
508;   ;   ;   ;2628.3333;65535.0000;2624.6667;-3.6667;0.0000;0.0000;0.0000;
509;   ;   ;   ;3030.0000;65535.0000;3070.0000;40.0000;0.0000;0.0000;0.0000;
510;   ;   ;   ;3228.6667;65535.0000;3244.3333;15.6667;0.0000;0.0000;0.0000;
511;   ;   ;   ;3640.6667;65535.0000;3624.3333;-16.3333;0.0000;0.0000;0.0000;
