File Version;BWSpec4.03_23_C
Date;2016-12-02 16:34:54
title;OOQ
model;BTC264P-1064S-512-SY
c code;OOQ
operator;
port1;0
baud1;3
pixel_start;0
pixel_end;511
step;1
units;3
bkcolor;16777215
show_mode;3
data_mode;0
pixel_mode;0
intigration times(ms);10000
average number;3
time_multiply;1
spectrometer_type ;69
yaxis;1
yaxis_min;0
yaxis_max;65535
xaxis;1
xaxis_min;57
xaxis_max;485
irrands_DispWLMin;100
irrands_DispWLMax;1000
yaxis_min_6;0
yaxis_max_6;0
irradiance_unit;0
Color_Data_Flag;0
Color_StartWL;1047
Color_EndWL;1047
Color_IncWL;10
power_unit_index;3
photometric_index;0
Illuminant_index;3
observer_index;0
lab_l;0
lab_a;0
lab_b;0
radiometric_flag;0
coefs_a0;1046.24128246353
coefs_a1;0.823573912287285
coefs_a2;-1.46846754231925E-05
coefs_a3;7.81270546723139E-08
coefs_b0;-1068.71157857918
coefs_b1;0.657654928142611
coefs_b2;0.000510871962843009
coefs_b3;-1.55922148884732E-07
coefs_r0;1
coefs_r1;0
coefs_r2;0
coefs_r3;0
coefs_j0;1
coefs_j1;0
coefs_j2;0
coefs_j3;0
enable_coefs_r;0
all_data_save;1
select_option;-1
interval_time;10000
pixel_num;512
sel_pixel_start;1
sel_pixel_end;511
sel_pixel_delta;1
dark_compensate;0
dark_compensate_value_1;0
dark_compensate_value_2;0
dark_compensate_value_3;0
monitor pixel_0;0
monitor pixel_1;0
monitor pixel_2;0
monitor pixel_3;0
monitor pixel_4;0
monitor pixel_5;0
vertical_select_flag;0
vertical_line3;44
vertical_line4;44
vertical_line3_wv;349.610890369397
vertical_line4_wv;349.610890369397
vertical_line_flag;0
vertical_line_ratio;0
laser_wavelength;1064.4
laser_powerlevel;100
overlay_js;0
Relative Intensity Correction Flag;0
Pixel;Wavelength;Wavenumber;Raman Shift;Dark;Reference;Raw data #1;Dark Subtracted #1;%TR #1;Absorbance #1;Irradiance (lumen) #1;
0;   ;   ;   ;3160.3333;65535.0000;3154.6667;-5.6667;0.0000;0.0000;0.0000;
1;   ;   ;   ;3411.0000;65535.0000;3409.0000;-2.0000;0.0000;0.0000;0.0000;
2;   ;   ;   ;3151.0000;65535.0000;3154.3333;3.3333;0.0000;0.0000;0.0000;
3;   ;   ;   ;3284.3333;65535.0000;3254.6667;-29.6667;0.0000;0.0000;0.0000;
4;   ;   ;   ;3141.6667;65535.0000;3127.0000;-14.6667;0.0000;0.0000;0.0000;
5;   ;   ;   ;3473.6667;65535.0000;3459.0000;-14.6667;0.0000;0.0000;0.0000;
6;   ;   ;   ;2645.3333;65535.0000;2677.0000;31.6667;0.0000;0.0000;0.0000;
7;   ;   ;   ;3466.6667;65535.0000;3450.0000;-16.6667;0.0000;0.0000;0.0000;
8;   ;   ;   ;2575.0000;65535.0000;2587.6667;12.6667;0.0000;0.0000;0.0000;
9;   ;   ;   ;3376.6667;65535.0000;3353.6667;-23.0000;0.0000;0.0000;0.0000;
10;   ;   ;   ;3306.3333;65535.0000;3323.3333;17.0000;0.0000;0.0000;0.0000;
11;   ;   ;   ;3220.0000;65535.0000;3208.0000;-12.0000;0.0000;0.0000;0.0000;
12;   ;   ;   ;3026.3333;65535.0000;3024.0000;-2.3333;0.0000;0.0000;0.0000;
13;   ;   ;   ;3188.0000;65535.0000;3233.0000;45.0000;0.0000;0.0000;0.0000;
14;   ;   ;   ;3108.3333;65535.0000;3149.0000;40.6667;0.0000;0.0000;0.0000;
15;   ;   ;   ;3308.3333;65535.0000;3344.3333;36.0000;0.0000;0.0000;0.0000;
16;   ;   ;   ;3399.6667;65535.0000;3450.0000;50.3333;0.0000;0.0000;0.0000;
17;   ;   ;   ;3090.6667;65535.0000;3110.6667;20.0000;0.0000;0.0000;0.0000;
18;   ;   ;   ;2875.3333;65535.0000;2926.0000;50.6667;0.0000;0.0000;0.0000;
19;   ;   ;   ;3837.0000;65535.0000;3949.6667;112.6667;0.0000;0.0000;0.0000;
20;   ;   ;   ;3301.6667;65535.0000;4642.6667;1341.0000;0.0000;0.0000;0.0000;
21;   ;   ;   ;3072.6667;65535.0000;7014.3333;3941.6667;0.0000;0.0000;0.0000;
22;   ;   ;   ;3288.6667;65535.0000;7137.3333;3848.6667;0.0000;0.0000;0.0000;
23;   ;   ;   ;3295.3333;65535.0000;5719.0000;2423.6667;0.0000;0.0000;0.0000;
24;   ;   ;   ;2532.0000;65535.0000;2804.6667;272.6667;0.0000;0.0000;0.0000;
25;   ;   ;   ;3511.6667;65535.0000;3602.6667;91.0000;0.0000;0.0000;0.0000;
26;   ;   ;   ;2948.0000;65535.0000;2929.0000;-19.0000;0.0000;0.0000;0.0000;
27;   ;   ;   ;3324.3333;65535.0000;3347.6667;23.3333;0.0000;0.0000;0.0000;
28;   ;   ;   ;2948.6667;65535.0000;2946.6667;-2.0000;0.0000;0.0000;0.0000;
29;   ;   ;   ;3368.6667;65535.0000;3374.0000;5.3333;0.0000;0.0000;0.0000;
30;   ;   ;   ;2976.6667;65535.0000;3105.0000;128.3333;0.0000;0.0000;0.0000;
31;   ;   ;   ;3234.3333;65535.0000;3767.0000;532.6667;0.0000;0.0000;0.0000;
32;   ;   ;   ;3229.0000;65535.0000;4638.0000;1409.0000;0.0000;0.0000;0.0000;
33;   ;   ;   ;3446.3333;65535.0000;5678.6667;2232.3333;0.0000;0.0000;0.0000;
34;   ;   ;   ;3070.6667;65535.0000;5758.6667;2688.0000;0.0000;0.0000;0.0000;
35;   ;   ;   ;3696.0000;65535.0000;6357.6667;2661.6667;0.0000;0.0000;0.0000;
36;   ;   ;   ;3135.6667;65535.0000;5600.0000;2464.3333;0.0000;0.0000;0.0000;
37;   ;   ;   ;3602.6667;65535.0000;5755.3333;2152.6667;0.0000;0.0000;0.0000;
38;   ;   ;   ;3245.3333;65535.0000;5188.6667;1943.3333;0.0000;0.0000;0.0000;
39;   ;   ;   ;3255.6667;65535.0000;4956.3333;1700.6667;0.0000;0.0000;0.0000;
40;   ;   ;   ;3210.3333;65535.0000;4774.6667;1564.3333;0.0000;0.0000;0.0000;
41;   ;   ;   ;3573.0000;65535.0000;5012.0000;1439.0000;0.0000;0.0000;0.0000;
42;   ;   ;   ;3680.6667;65535.0000;5019.3333;1338.6667;0.0000;0.0000;0.0000;
43;   ;   ;   ;3123.6667;65535.0000;4317.3333;1193.6667;0.0000;0.0000;0.0000;
44;   ;   ;   ;3430.3333;65535.0000;4582.6667;1152.3333;0.0000;0.0000;0.0000;
45;   ;   ;   ;3199.3333;65535.0000;4249.3333;1050.0000;0.0000;0.0000;0.0000;
46;   ;   ;   ;3371.0000;65535.0000;4349.0000;978.0000;0.0000;0.0000;0.0000;
47;   ;   ;   ;3563.3333;65535.0000;4454.6667;891.3333;0.0000;0.0000;0.0000;
48;   ;   ;   ;3209.6667;65535.0000;4039.6667;830.0000;0.0000;0.0000;0.0000;
49;   ;   ;   ;3206.6667;65535.0000;4043.0000;836.3333;0.0000;0.0000;0.0000;
50;   ;   ;   ;3199.6667;65535.0000;4016.0000;816.3333;0.0000;0.0000;0.0000;
51;   ;   ;   ;3495.0000;65535.0000;4267.0000;772.0000;0.0000;0.0000;0.0000;
52;   ;   ;   ;3324.0000;65535.0000;4093.3333;769.3333;0.0000;0.0000;0.0000;
53;   ;   ;   ;3213.3333;65535.0000;3889.6667;676.3333;0.0000;0.0000;0.0000;
54;   ;   ;   ;2743.6667;65535.0000;3443.3333;699.6667;0.0000;0.0000;0.0000;
55;   ;   ;   ;3285.3333;65535.0000;3910.3333;625.0000;0.0000;0.0000;0.0000;
56;   ;   ;   ;3574.6667;65535.0000;4189.6667;615.0000;0.0000;0.0000;0.0000;
57;1093.15;9147.86;247.10;3666.3333;65535.0000;4243.3333;577.0000;0.0000;0.0000;0.0000;
58;1093.97;9140.98;253.98;3123.3333;65535.0000;3695.0000;571.6667;0.0000;0.0000;0.0000;
59;1094.80;9134.11;260.85;3482.0000;65535.0000;4026.0000;544.0000;0.0000;0.0000;0.0000;
60;1095.62;9127.25;267.71;3364.6667;65535.0000;3923.3333;558.6667;0.0000;0.0000;0.0000;
61;1096.44;9120.41;274.56;3101.0000;65535.0000;3628.0000;527.0000;0.0000;0.0000;0.0000;
62;1097.27;9113.57;281.40;3330.6667;65535.0000;3857.3333;526.6667;0.0000;0.0000;0.0000;
63;1098.09;9106.74;288.22;3683.0000;65535.0000;4182.6667;499.6667;0.0000;0.0000;0.0000;
64;1098.91;9099.92;295.04;3235.6667;65535.0000;3693.0000;457.3333;0.0000;0.0000;0.0000;
65;1099.73;9093.12;301.85;3174.3333;65535.0000;3616.0000;441.6667;0.0000;0.0000;0.0000;
66;1100.56;9086.32;308.65;3276.6667;65535.0000;3719.0000;442.3333;0.0000;0.0000;0.0000;
67;1101.38;9079.53;315.43;3645.0000;65535.0000;4098.3333;453.3333;0.0000;0.0000;0.0000;
68;1102.20;9072.76;322.21;3115.6667;65535.0000;3562.0000;446.3333;0.0000;0.0000;0.0000;
69;1103.02;9065.99;328.98;3600.3333;65535.0000;4030.0000;429.6667;0.0000;0.0000;0.0000;
70;1103.85;9059.23;335.73;3169.3333;65535.0000;3622.6667;453.3333;0.0000;0.0000;0.0000;
71;1104.67;9052.49;342.48;3660.6667;65535.0000;4063.6667;403.0000;0.0000;0.0000;0.0000;
72;1105.49;9045.75;349.22;3293.3333;65535.0000;3695.3333;402.0000;0.0000;0.0000;0.0000;
73;1106.31;9039.02;355.94;3753.0000;65535.0000;4118.6667;365.6667;0.0000;0.0000;0.0000;
74;1107.14;9032.31;362.66;3104.0000;65535.0000;3495.3333;391.3333;0.0000;0.0000;0.0000;
75;1107.96;9025.60;369.37;3402.0000;65535.0000;3755.6667;353.6667;0.0000;0.0000;0.0000;
76;1108.78;9018.90;376.06;3300.3333;65535.0000;3681.3333;381.0000;0.0000;0.0000;0.0000;
77;1109.61;9012.22;382.75;3314.6667;65535.0000;3728.3333;413.6667;0.0000;0.0000;0.0000;
78;1110.43;9005.54;389.43;3423.6667;65535.0000;3825.3333;401.6667;0.0000;0.0000;0.0000;
79;1111.25;8998.87;396.09;3862.6667;65535.0000;4283.0000;420.3333;0.0000;0.0000;0.0000;
80;1112.07;8992.21;402.75;3311.3333;65535.0000;3670.0000;358.6667;0.0000;0.0000;0.0000;
81;1112.90;8985.57;409.40;3402.3333;65535.0000;3789.6667;387.3333;0.0000;0.0000;0.0000;
82;1113.72;8978.93;416.04;3156.0000;65535.0000;3513.0000;357.0000;0.0000;0.0000;0.0000;
83;1114.54;8972.30;422.66;3695.3333;65535.0000;4053.0000;357.6667;0.0000;0.0000;0.0000;
84;1115.36;8965.68;429.28;3316.0000;65535.0000;3691.6667;375.6667;0.0000;0.0000;0.0000;
85;1116.19;8959.07;435.89;3718.3333;65535.0000;4053.6667;335.3333;0.0000;0.0000;0.0000;
86;1117.01;8952.47;442.49;3422.0000;65535.0000;3764.3333;342.3333;0.0000;0.0000;0.0000;
87;1117.83;8945.88;449.08;3359.6667;65535.0000;3712.6667;353.0000;0.0000;0.0000;0.0000;
88;1118.66;8939.30;455.66;3059.3333;65535.0000;3462.6667;403.3333;0.0000;0.0000;0.0000;
89;1119.48;8932.73;462.23;3220.6667;65535.0000;3532.6667;312.0000;0.0000;0.0000;0.0000;
90;1120.30;8926.17;468.79;2959.0000;65535.0000;3306.0000;347.0000;0.0000;0.0000;0.0000;
91;1121.12;8919.62;475.34;3595.0000;65535.0000;3892.6667;297.6667;0.0000;0.0000;0.0000;
92;1121.95;8913.08;481.88;3553.0000;65535.0000;3884.6667;331.6667;0.0000;0.0000;0.0000;
93;1122.77;8906.55;488.42;3574.6667;65535.0000;3907.3333;332.6667;0.0000;0.0000;0.0000;
94;1123.59;8900.02;494.94;2957.0000;65535.0000;3321.6667;364.6667;0.0000;0.0000;0.0000;
95;1124.42;8893.51;501.45;3781.3333;65535.0000;4127.6667;346.3333;0.0000;0.0000;0.0000;
96;1125.24;8887.01;507.96;3470.0000;65535.0000;3848.3333;378.3333;0.0000;0.0000;0.0000;
97;1126.06;8880.51;514.45;3730.0000;65535.0000;4048.3333;318.3333;0.0000;0.0000;0.0000;
98;1126.88;8874.03;520.94;3149.6667;65535.0000;3491.6667;342.0000;0.0000;0.0000;0.0000;
99;1127.71;8867.55;527.41;3440.0000;65535.0000;3752.0000;312.0000;0.0000;0.0000;0.0000;
100;1128.53;8861.09;533.88;3167.6667;65535.0000;3537.3333;369.6667;0.0000;0.0000;0.0000;
101;1129.35;8854.63;540.34;3394.3333;65535.0000;3701.6667;307.3333;0.0000;0.0000;0.0000;
102;1130.18;8848.18;546.78;2800.3333;65535.0000;3115.0000;314.6667;0.0000;0.0000;0.0000;
103;1131.00;8841.74;553.22;3248.0000;65535.0000;3572.3333;324.3333;0.0000;0.0000;0.0000;
104;1131.82;8835.31;559.65;3106.0000;65535.0000;3402.6667;296.6667;0.0000;0.0000;0.0000;
105;1132.65;8828.89;566.07;3606.3333;65535.0000;3935.0000;328.6667;0.0000;0.0000;0.0000;
106;1133.47;8822.48;572.48;2768.3333;65535.0000;3084.6667;316.3333;0.0000;0.0000;0.0000;
107;1134.29;8816.08;578.89;3323.6667;65535.0000;3615.3333;291.6667;0.0000;0.0000;0.0000;
108;1135.11;8809.68;585.28;3173.3333;65535.0000;3479.3333;306.0000;0.0000;0.0000;0.0000;
109;1135.94;8803.30;591.66;2754.3333;65535.0000;3020.6667;266.3333;0.0000;0.0000;0.0000;
110;1136.76;8796.93;598.04;3328.3333;65535.0000;3614.6667;286.3333;0.0000;0.0000;0.0000;
111;1137.58;8790.56;604.40;3613.3333;65535.0000;3935.0000;321.6667;0.0000;0.0000;0.0000;
112;1138.41;8784.20;610.76;3445.0000;65535.0000;3740.3333;295.3333;0.0000;0.0000;0.0000;
113;1139.23;8777.86;617.11;3211.0000;65535.0000;3517.3333;306.3333;0.0000;0.0000;0.0000;
114;1140.05;8771.52;623.45;3419.3333;65535.0000;3751.0000;331.6667;0.0000;0.0000;0.0000;
115;1140.88;8765.19;629.78;3648.0000;65535.0000;3884.3333;236.3333;0.0000;0.0000;0.0000;
116;1141.70;8758.87;636.10;3155.0000;65535.0000;3445.6667;290.6667;0.0000;0.0000;0.0000;
117;1142.52;8752.55;642.41;3440.3333;65535.0000;3717.3333;277.0000;0.0000;0.0000;0.0000;
118;1143.35;8746.25;648.71;2996.0000;65535.0000;3253.3333;257.3333;0.0000;0.0000;0.0000;
119;1144.17;8739.96;655.01;3737.0000;65535.0000;4019.0000;282.0000;0.0000;0.0000;0.0000;
120;1144.99;8733.67;661.29;3453.0000;65535.0000;3720.6667;267.6667;0.0000;0.0000;0.0000;
121;1145.82;8727.40;667.57;3689.3333;65535.0000;3978.6667;289.3333;0.0000;0.0000;0.0000;
122;1146.64;8721.13;673.84;3250.0000;65535.0000;3496.0000;246.0000;0.0000;0.0000;0.0000;
123;1147.46;8714.87;680.09;3574.0000;65535.0000;3834.6667;260.6667;0.0000;0.0000;0.0000;
124;1148.29;8708.62;686.34;3135.6667;65535.0000;3429.0000;293.3333;0.0000;0.0000;0.0000;
125;1149.11;8702.38;692.59;3688.6667;65535.0000;3960.6667;272.0000;0.0000;0.0000;0.0000;
126;1149.93;8696.15;698.82;3115.3333;65535.0000;3390.3333;275.0000;0.0000;0.0000;0.0000;
127;1150.76;8689.92;705.04;3582.3333;65535.0000;3819.0000;236.6667;0.0000;0.0000;0.0000;
128;1151.58;8683.71;711.26;3064.3333;65535.0000;3347.3333;283.0000;0.0000;0.0000;0.0000;
129;1152.41;8677.50;717.46;3645.0000;65535.0000;3935.6667;290.6667;0.0000;0.0000;0.0000;
130;1153.23;8671.30;723.66;3543.3333;65535.0000;3831.3333;288.0000;0.0000;0.0000;0.0000;
131;1154.05;8665.11;729.85;3577.3333;65535.0000;3870.3333;293.0000;0.0000;0.0000;0.0000;
132;1154.88;8658.93;736.03;3697.3333;65535.0000;4024.3333;327.0000;0.0000;0.0000;0.0000;
133;1155.70;8652.76;742.20;3523.0000;65535.0000;3800.6667;277.6667;0.0000;0.0000;0.0000;
134;1156.52;8646.60;748.37;3352.6667;65535.0000;3632.0000;279.3333;0.0000;0.0000;0.0000;
135;1157.35;8640.44;754.52;3681.6667;65535.0000;3948.3333;266.6667;0.0000;0.0000;0.0000;
136;1158.17;8634.29;760.67;3332.3333;65535.0000;3619.3333;287.0000;0.0000;0.0000;0.0000;
137;1159.00;8628.16;766.81;3571.3333;65535.0000;3892.3333;321.0000;0.0000;0.0000;0.0000;
138;1159.82;8622.03;772.94;3528.0000;65535.0000;3835.6667;307.6667;0.0000;0.0000;0.0000;
139;1160.64;8615.91;779.06;3533.0000;65535.0000;3838.0000;305.0000;0.0000;0.0000;0.0000;
140;1161.47;8609.79;785.17;3591.0000;65535.0000;3867.3333;276.3333;0.0000;0.0000;0.0000;
141;1162.29;8603.69;791.28;3419.0000;65535.0000;3728.3333;309.3333;0.0000;0.0000;0.0000;
142;1163.12;8597.59;797.37;3164.6667;65535.0000;3505.0000;340.3333;0.0000;0.0000;0.0000;
143;1163.94;8591.50;803.46;3607.0000;65535.0000;3897.3333;290.3333;0.0000;0.0000;0.0000;
144;1164.76;8585.42;809.54;3337.6667;65535.0000;3688.3333;350.6667;0.0000;0.0000;0.0000;
145;1165.59;8579.35;815.61;3882.0000;65535.0000;4219.3333;337.3333;0.0000;0.0000;0.0000;
146;1166.41;8573.29;821.67;3453.3333;65535.0000;3815.3333;362.0000;0.0000;0.0000;0.0000;
147;1167.24;8567.24;827.73;3245.6667;65535.0000;3633.3333;387.6667;0.0000;0.0000;0.0000;
148;1168.06;8561.19;833.77;3579.0000;65535.0000;3989.6667;410.6667;0.0000;0.0000;0.0000;
149;1168.89;8555.15;839.81;3135.0000;65535.0000;3591.3333;456.3333;0.0000;0.0000;0.0000;
150;1169.71;8549.12;845.84;3097.3333;65535.0000;3576.3333;479.0000;0.0000;0.0000;0.0000;
151;1170.54;8543.10;851.86;3156.6667;65535.0000;3656.6667;500.0000;0.0000;0.0000;0.0000;
152;1171.36;8537.09;857.88;3585.0000;65535.0000;4130.6667;545.6667;0.0000;0.0000;0.0000;
153;1172.18;8531.08;863.88;3540.6667;65535.0000;4008.0000;467.3333;0.0000;0.0000;0.0000;
154;1173.01;8525.09;869.88;2982.3333;65535.0000;3480.0000;497.6667;0.0000;0.0000;0.0000;
155;1173.83;8519.10;875.87;3454.0000;65535.0000;3917.0000;463.0000;0.0000;0.0000;0.0000;
156;1174.66;8513.12;881.85;3559.0000;65535.0000;4044.0000;485.0000;0.0000;0.0000;0.0000;
157;1175.48;8507.14;887.82;3618.3333;65535.0000;4101.3333;483.0000;0.0000;0.0000;0.0000;
158;1176.31;8501.18;893.79;3155.6667;65535.0000;3605.0000;449.3333;0.0000;0.0000;0.0000;
159;1177.13;8495.22;899.74;3626.0000;65535.0000;4041.6667;415.6667;0.0000;0.0000;0.0000;
160;1177.96;8489.27;905.69;2755.0000;65535.0000;3171.0000;416.0000;0.0000;0.0000;0.0000;
161;1178.78;8483.33;911.63;3537.6667;65535.0000;3958.6667;421.0000;0.0000;0.0000;0.0000;
162;1179.61;8477.40;917.56;3119.6667;65535.0000;3592.0000;472.3333;0.0000;0.0000;0.0000;
163;1180.43;8471.47;923.49;3450.6667;65535.0000;3889.0000;438.3333;0.0000;0.0000;0.0000;
164;1181.26;8465.56;929.41;3140.0000;65535.0000;3571.0000;431.0000;0.0000;0.0000;0.0000;
165;1182.08;8459.65;935.32;3438.6667;65535.0000;3940.6667;502.0000;0.0000;0.0000;0.0000;
166;1182.91;8453.75;941.22;3242.3333;65535.0000;3716.0000;473.6667;0.0000;0.0000;0.0000;
167;1183.73;8447.85;947.11;3213.3333;65535.0000;3683.6667;470.3333;0.0000;0.0000;0.0000;
168;1184.56;8441.97;952.99;3440.3333;65535.0000;3869.6667;429.3333;0.0000;0.0000;0.0000;
169;1185.38;8436.09;958.87;3519.3333;65535.0000;3948.3333;429.0000;0.0000;0.0000;0.0000;
170;1186.21;8430.22;964.74;3416.3333;65535.0000;3819.0000;402.6667;0.0000;0.0000;0.0000;
171;1187.03;8424.36;970.60;3648.6667;65535.0000;4034.6667;386.0000;0.0000;0.0000;0.0000;
172;1187.86;8418.51;976.46;3386.0000;65535.0000;3803.6667;417.6667;0.0000;0.0000;0.0000;
173;1188.68;8412.66;982.30;3595.3333;65535.0000;3991.3333;396.0000;0.0000;0.0000;0.0000;
174;1189.51;8406.82;988.14;3233.3333;65535.0000;3627.0000;393.6667;0.0000;0.0000;0.0000;
175;1190.34;8400.99;993.97;3336.6667;65535.0000;3765.0000;428.3333;0.0000;0.0000;0.0000;
176;1191.16;8395.17;999.80;3309.0000;65535.0000;3753.0000;444.0000;0.0000;0.0000;0.0000;
177;1191.99;8389.35;1005.61;3382.0000;65535.0000;3832.6667;450.6667;0.0000;0.0000;0.0000;
178;1192.81;8383.55;1011.42;2846.6667;65535.0000;3262.0000;415.3333;0.0000;0.0000;0.0000;
179;1193.64;8377.75;1017.22;3839.3333;65535.0000;4204.3333;365.0000;0.0000;0.0000;0.0000;
180;1194.46;8371.95;1023.01;3408.6667;65535.0000;3833.6667;425.0000;0.0000;0.0000;0.0000;
181;1195.29;8366.17;1028.80;3803.6667;65535.0000;4260.3333;456.6667;0.0000;0.0000;0.0000;
182;1196.12;8360.39;1034.57;3545.0000;65535.0000;3984.0000;439.0000;0.0000;0.0000;0.0000;
183;1196.94;8354.62;1040.34;3083.3333;65535.0000;3532.3333;449.0000;0.0000;0.0000;0.0000;
184;1197.77;8348.86;1046.10;3476.0000;65535.0000;3907.6667;431.6667;0.0000;0.0000;0.0000;
185;1198.59;8343.10;1051.86;3559.6667;65535.0000;3987.3333;427.6667;0.0000;0.0000;0.0000;
186;1199.42;8337.36;1057.61;2801.0000;65535.0000;3208.6667;407.6667;0.0000;0.0000;0.0000;
187;1200.25;8331.62;1063.35;3325.6667;65535.0000;3769.0000;443.3333;0.0000;0.0000;0.0000;
188;1201.07;8325.89;1069.08;3395.3333;65535.0000;3914.6667;519.3333;0.0000;0.0000;0.0000;
189;1201.90;8320.16;1074.80;2929.0000;65535.0000;3359.3333;430.3333;0.0000;0.0000;0.0000;
190;1202.73;8314.45;1080.52;3139.6667;65535.0000;3623.3333;483.6667;0.0000;0.0000;0.0000;
191;1203.55;8308.74;1086.23;3603.3333;65535.0000;4091.3333;488.0000;0.0000;0.0000;0.0000;
192;1204.38;8303.03;1091.93;2871.0000;65535.0000;3313.0000;442.0000;0.0000;0.0000;0.0000;
193;1205.21;8297.34;1097.63;3292.6667;65535.0000;3707.0000;414.3333;0.0000;0.0000;0.0000;
194;1206.03;8291.65;1103.31;3218.3333;65535.0000;3637.3333;419.0000;0.0000;0.0000;0.0000;
195;1206.86;8285.97;1108.99;3500.3333;65535.0000;3829.6667;329.3333;0.0000;0.0000;0.0000;
196;1207.69;8280.30;1114.67;3262.0000;65535.0000;3598.0000;336.0000;0.0000;0.0000;0.0000;
197;1208.51;8274.63;1120.33;3130.6667;65535.0000;3466.3333;335.6667;0.0000;0.0000;0.0000;
198;1209.34;8268.98;1125.99;3135.6667;65535.0000;3472.0000;336.3333;0.0000;0.0000;0.0000;
199;1210.17;8263.32;1131.64;3526.6667;65535.0000;3846.0000;319.3333;0.0000;0.0000;0.0000;
200;1210.99;8257.68;1137.28;3466.3333;65535.0000;3741.0000;274.6667;0.0000;0.0000;0.0000;
201;1211.82;8252.05;1142.92;3714.0000;65535.0000;4025.3333;311.3333;0.0000;0.0000;0.0000;
202;1212.65;8246.42;1148.55;3104.6667;65535.0000;3405.6667;301.0000;0.0000;0.0000;0.0000;
203;1213.48;8240.79;1154.17;3460.0000;65535.0000;3734.3333;274.3333;0.0000;0.0000;0.0000;
204;1214.30;8235.18;1159.78;3511.0000;65535.0000;3799.3333;288.3333;0.0000;0.0000;0.0000;
205;1215.13;8229.57;1165.39;3556.3333;65535.0000;3814.6667;258.3333;0.0000;0.0000;0.0000;
206;1215.96;8223.97;1170.99;3105.0000;65535.0000;3398.0000;293.0000;0.0000;0.0000;0.0000;
207;1216.78;8218.38;1176.58;3299.0000;65535.0000;3571.3333;272.3333;0.0000;0.0000;0.0000;
208;1217.61;8212.79;1182.17;3148.6667;65535.0000;3466.3333;317.6667;0.0000;0.0000;0.0000;
209;1218.44;8207.22;1187.75;3433.0000;65535.0000;3682.6667;249.6667;0.0000;0.0000;0.0000;
210;1219.27;8201.64;1193.32;3137.0000;65535.0000;3457.3333;320.3333;0.0000;0.0000;0.0000;
211;1220.10;8196.08;1198.88;3393.0000;65535.0000;3711.0000;318.0000;0.0000;0.0000;0.0000;
212;1220.92;8190.52;1204.44;2727.0000;65535.0000;3035.6667;308.6667;0.0000;0.0000;0.0000;
213;1221.75;8184.97;1209.99;3898.0000;65535.0000;4199.6667;301.6667;0.0000;0.0000;0.0000;
214;1222.58;8179.43;1215.54;3275.6667;65535.0000;3586.6667;311.0000;0.0000;0.0000;0.0000;
215;1223.41;8173.89;1221.07;3650.0000;65535.0000;3909.0000;259.0000;0.0000;0.0000;0.0000;
216;1224.24;8168.36;1226.60;3497.6667;65535.0000;3822.3333;324.6667;0.0000;0.0000;0.0000;
217;1225.06;8162.84;1232.12;3415.6667;65535.0000;3808.0000;392.3333;0.0000;0.0000;0.0000;
218;1225.89;8157.33;1237.64;2983.3333;65535.0000;3378.3333;395.0000;0.0000;0.0000;0.0000;
219;1226.72;8151.82;1243.15;3453.6667;65535.0000;3852.3333;398.6667;0.0000;0.0000;0.0000;
220;1227.55;8146.32;1248.65;2941.6667;65535.0000;3373.3333;431.6667;0.0000;0.0000;0.0000;
221;1228.38;8140.82;1254.14;3366.3333;65535.0000;3836.0000;469.6667;0.0000;0.0000;0.0000;
222;1229.21;8135.33;1259.63;3453.0000;65535.0000;3939.3333;486.3333;0.0000;0.0000;0.0000;
223;1230.03;8129.85;1265.11;3083.6667;65535.0000;3543.3333;459.6667;0.0000;0.0000;0.0000;
224;1230.86;8124.38;1270.58;3500.0000;65535.0000;4001.0000;501.0000;0.0000;0.0000;0.0000;
225;1231.69;8118.91;1276.05;3310.0000;65535.0000;3806.0000;496.0000;0.0000;0.0000;0.0000;
226;1232.52;8113.45;1281.51;3432.0000;65535.0000;3940.6667;508.6667;0.0000;0.0000;0.0000;
227;1233.35;8108.00;1286.96;3398.0000;65535.0000;3904.6667;506.6667;0.0000;0.0000;0.0000;
228;1234.18;8102.55;1292.41;3354.6667;65535.0000;3850.6667;496.0000;0.0000;0.0000;0.0000;
229;1235.01;8097.11;1297.85;3674.3333;65535.0000;4267.6667;593.3333;0.0000;0.0000;0.0000;
230;1235.84;8091.68;1303.28;2951.3333;65535.0000;3576.3333;625.0000;0.0000;0.0000;0.0000;
231;1236.67;8086.26;1308.71;3770.3333;65535.0000;4348.6667;578.3333;0.0000;0.0000;0.0000;
232;1237.50;8080.84;1314.13;3407.3333;65535.0000;3924.3333;517.0000;0.0000;0.0000;0.0000;
233;1238.33;8075.42;1319.54;2990.6667;65535.0000;3447.0000;456.3333;0.0000;0.0000;0.0000;
234;1239.15;8070.02;1324.95;3432.3333;65535.0000;3867.0000;434.6667;0.0000;0.0000;0.0000;
235;1239.98;8064.62;1330.34;2979.6667;65535.0000;3352.6667;373.0000;0.0000;0.0000;0.0000;
236;1240.81;8059.23;1335.74;3651.0000;65535.0000;4019.6667;368.6667;0.0000;0.0000;0.0000;
237;1241.64;8053.84;1341.12;3486.3333;65535.0000;3840.3333;354.0000;0.0000;0.0000;0.0000;
238;1242.47;8048.46;1346.50;3299.3333;65535.0000;3632.3333;333.0000;0.0000;0.0000;0.0000;
239;1243.30;8043.09;1351.87;3578.0000;65535.0000;3830.6667;252.6667;0.0000;0.0000;0.0000;
240;1244.13;8037.72;1357.24;2835.6667;65535.0000;3165.6667;330.0000;0.0000;0.0000;0.0000;
241;1244.96;8032.37;1362.60;3035.6667;65535.0000;3268.0000;232.3333;0.0000;0.0000;0.0000;
242;1245.79;8027.01;1367.95;3266.6667;65535.0000;3540.6667;274.0000;0.0000;0.0000;0.0000;
243;1246.62;8021.67;1373.30;3574.6667;65535.0000;3813.6667;239.0000;0.0000;0.0000;0.0000;
244;1247.45;8016.33;1378.64;3322.6667;65535.0000;3580.0000;257.3333;0.0000;0.0000;0.0000;
245;1248.28;8010.99;1383.97;3437.3333;65535.0000;3720.6667;283.3333;0.0000;0.0000;0.0000;
246;1249.11;8005.67;1389.30;3434.6667;65535.0000;3668.6667;234.0000;0.0000;0.0000;0.0000;
247;1249.95;8000.35;1394.62;3527.3333;65535.0000;3823.3333;296.0000;0.0000;0.0000;0.0000;
248;1250.78;7995.04;1399.93;2998.0000;65535.0000;3273.3333;275.3333;0.0000;0.0000;0.0000;
249;1251.61;7989.73;1405.24;3346.3333;65535.0000;3620.0000;273.6667;0.0000;0.0000;0.0000;
250;1252.44;7984.43;1410.54;3118.0000;65535.0000;3417.3333;299.3333;0.0000;0.0000;0.0000;
251;1253.27;7979.14;1415.83;3607.6667;65535.0000;3874.3333;266.6667;0.0000;0.0000;0.0000;
252;1254.10;7973.85;1421.12;3304.6667;65535.0000;3646.6667;342.0000;0.0000;0.0000;0.0000;
253;1254.93;7968.57;1426.40;3749.6667;65535.0000;4168.3333;418.6667;0.0000;0.0000;0.0000;
254;1255.76;7963.29;1431.67;3554.6667;65535.0000;4095.0000;540.3333;0.0000;0.0000;0.0000;
255;1256.59;7958.02;1436.94;3475.3333;65535.0000;4226.6667;751.3333;0.0000;0.0000;0.0000;
256;1257.42;7952.76;1442.20;3146.6667;65535.0000;3917.0000;770.3333;0.0000;0.0000;0.0000;
257;1258.26;7947.51;1447.46;3594.0000;65535.0000;4334.6667;740.6667;0.0000;0.0000;0.0000;
258;1259.09;7942.26;1452.71;3255.6667;65535.0000;4027.6667;772.0000;0.0000;0.0000;0.0000;
259;1259.92;7937.02;1457.95;3456.3333;65535.0000;4061.6667;605.3333;0.0000;0.0000;0.0000;
260;1260.75;7931.78;1463.18;3544.6667;65535.0000;4136.6667;592.0000;0.0000;0.0000;0.0000;
261;1261.58;7926.55;1468.41;3272.6667;65535.0000;3758.3333;485.6667;0.0000;0.0000;0.0000;
262;1262.41;7921.33;1473.64;3421.0000;65535.0000;3788.6667;367.6667;0.0000;0.0000;0.0000;
263;1263.25;7916.11;1478.85;3548.0000;65535.0000;3900.3333;352.3333;0.0000;0.0000;0.0000;
264;1264.08;7910.90;1484.07;2917.3333;65535.0000;3179.0000;261.6667;0.0000;0.0000;0.0000;
265;1264.91;7905.69;1489.27;3513.6667;65535.0000;3729.0000;215.3333;0.0000;0.0000;0.0000;
266;1265.74;7900.50;1494.47;3440.0000;65535.0000;3658.6667;218.6667;0.0000;0.0000;0.0000;
267;1266.58;7895.30;1499.66;3409.0000;65535.0000;3597.3333;188.3333;0.0000;0.0000;0.0000;
268;1267.41;7890.12;1504.85;3388.6667;65535.0000;3568.0000;179.3333;0.0000;0.0000;0.0000;
269;1268.24;7884.94;1510.03;3202.3333;65535.0000;3354.0000;151.6667;0.0000;0.0000;0.0000;
270;1269.07;7879.76;1515.20;2883.3333;65535.0000;3062.6667;179.3333;0.0000;0.0000;0.0000;
271;1269.91;7874.60;1520.37;3423.3333;65535.0000;3591.3333;168.0000;0.0000;0.0000;0.0000;
272;1270.74;7869.44;1525.53;3043.6667;65535.0000;3203.6667;160.0000;0.0000;0.0000;0.0000;
273;1271.57;7864.28;1530.68;3664.3333;65535.0000;3832.3333;168.0000;0.0000;0.0000;0.0000;
274;1272.41;7859.13;1535.83;3239.6667;65535.0000;3403.6667;164.0000;0.0000;0.0000;0.0000;
275;1273.24;7853.99;1540.98;3501.0000;65535.0000;3656.3333;155.3333;0.0000;0.0000;0.0000;
276;1274.07;7848.85;1546.11;3116.6667;65535.0000;3288.6667;172.0000;0.0000;0.0000;0.0000;
277;1274.91;7843.72;1551.24;3112.3333;65535.0000;3222.0000;109.6667;0.0000;0.0000;0.0000;
278;1275.74;7838.60;1556.37;3601.6667;65535.0000;3808.6667;207.0000;0.0000;0.0000;0.0000;
279;1276.57;7833.48;1561.49;3714.6667;65535.0000;3869.3333;154.6667;0.0000;0.0000;0.0000;
280;1277.41;7828.37;1566.60;3359.3333;65535.0000;3544.0000;184.6667;0.0000;0.0000;0.0000;
281;1278.24;7823.26;1571.70;3426.0000;65535.0000;3612.6667;186.6667;0.0000;0.0000;0.0000;
282;1279.07;7818.16;1576.80;3232.0000;65535.0000;3373.6667;141.6667;0.0000;0.0000;0.0000;
283;1279.91;7813.07;1581.90;3388.0000;65535.0000;3553.6667;165.6667;0.0000;0.0000;0.0000;
284;1280.74;7807.98;1586.99;3326.0000;65535.0000;3538.3333;212.3333;0.0000;0.0000;0.0000;
285;1281.58;7802.89;1592.07;3209.3333;65535.0000;3390.6667;181.3333;0.0000;0.0000;0.0000;
286;1282.41;7797.82;1597.15;3622.3333;65535.0000;3797.0000;174.6667;0.0000;0.0000;0.0000;
287;1283.24;7792.75;1602.22;3449.0000;65535.0000;3623.0000;174.0000;0.0000;0.0000;0.0000;
288;1284.08;7787.68;1607.28;3328.6667;65535.0000;3470.6667;142.0000;0.0000;0.0000;0.0000;
289;1284.91;7782.63;1612.34;4152.6667;65535.0000;4340.0000;187.3333;0.0000;0.0000;0.0000;
290;1285.75;7777.57;1617.39;3462.0000;65535.0000;3670.0000;208.0000;0.0000;0.0000;0.0000;
291;1286.58;7772.53;1622.44;3537.0000;65535.0000;3705.0000;168.0000;0.0000;0.0000;0.0000;
292;1287.42;7767.49;1627.48;3468.3333;65535.0000;3679.3333;211.0000;0.0000;0.0000;0.0000;
293;1288.25;7762.45;1632.51;3050.0000;65535.0000;3242.3333;192.3333;0.0000;0.0000;0.0000;
294;1289.09;7757.42;1637.54;3271.6667;65535.0000;3498.6667;227.0000;0.0000;0.0000;0.0000;
295;1289.92;7752.40;1642.57;3369.3333;65535.0000;3590.3333;221.0000;0.0000;0.0000;0.0000;
296;1290.76;7747.38;1647.58;3378.3333;65535.0000;3713.0000;334.6667;0.0000;0.0000;0.0000;
297;1291.59;7742.37;1652.59;3646.3333;65535.0000;4132.6667;486.3333;0.0000;0.0000;0.0000;
298;1292.43;7737.36;1657.60;3241.6667;65535.0000;3688.3333;446.6667;0.0000;0.0000;0.0000;
299;1293.27;7732.36;1662.60;3735.6667;65535.0000;4185.3333;449.6667;0.0000;0.0000;0.0000;
300;1294.10;7727.37;1667.59;3215.0000;65535.0000;3604.0000;389.0000;0.0000;0.0000;0.0000;
301;1294.94;7722.38;1672.58;3483.3333;65535.0000;3786.6667;303.3333;0.0000;0.0000;0.0000;
302;1295.77;7717.40;1677.56;3298.0000;65535.0000;3574.0000;276.0000;0.0000;0.0000;0.0000;
303;1296.61;7712.42;1682.54;3253.3333;65535.0000;3502.3333;249.0000;0.0000;0.0000;0.0000;
304;1297.45;7707.45;1687.51;2847.0000;65535.0000;3110.3333;263.3333;0.0000;0.0000;0.0000;
305;1298.28;7702.49;1692.48;3090.6667;65535.0000;3269.3333;178.6667;0.0000;0.0000;0.0000;
306;1299.12;7697.53;1697.44;3638.0000;65535.0000;3788.6667;150.6667;0.0000;0.0000;0.0000;
307;1299.96;7692.57;1702.39;3740.3333;65535.0000;3923.3333;183.0000;0.0000;0.0000;0.0000;
308;1300.79;7687.63;1707.34;3601.0000;65535.0000;3751.0000;150.0000;0.0000;0.0000;0.0000;
309;1301.63;7682.68;1712.28;3418.6667;65535.0000;3533.0000;114.3333;0.0000;0.0000;0.0000;
310;1302.47;7677.75;1717.22;3322.3333;65535.0000;3410.6667;88.3333;0.0000;0.0000;0.0000;
311;1303.30;7672.82;1722.15;3569.0000;65535.0000;3684.6667;115.6667;0.0000;0.0000;0.0000;
312;1304.14;7667.89;1727.07;3517.6667;65535.0000;3614.6667;97.0000;0.0000;0.0000;0.0000;
313;1304.98;7662.97;1731.99;3817.3333;65535.0000;3963.0000;145.6667;0.0000;0.0000;0.0000;
314;1305.81;7658.06;1736.91;3604.3333;65535.0000;3755.6667;151.3333;0.0000;0.0000;0.0000;
315;1306.65;7653.15;1741.82;3713.3333;65535.0000;3885.0000;171.6667;0.0000;0.0000;0.0000;
316;1307.49;7648.24;1746.72;3573.3333;65535.0000;3717.0000;143.6667;0.0000;0.0000;0.0000;
317;1308.33;7643.35;1751.62;3260.0000;65535.0000;3464.3333;204.3333;0.0000;0.0000;0.0000;
318;1309.17;7638.46;1756.51;2982.3333;65535.0000;3160.6667;178.3333;0.0000;0.0000;0.0000;
319;1310.00;7633.57;1761.40;3312.6667;65535.0000;3426.3333;113.6667;0.0000;0.0000;0.0000;
320;1310.84;7628.69;1766.28;3485.0000;65535.0000;3604.3333;119.3333;0.0000;0.0000;0.0000;
321;1311.68;7623.81;1771.15;3711.3333;65535.0000;3786.3333;75.0000;0.0000;0.0000;0.0000;
322;1312.52;7618.94;1776.02;3521.0000;65535.0000;3636.3333;115.3333;0.0000;0.0000;0.0000;
323;1313.36;7614.08;1780.88;3460.0000;65535.0000;3591.6667;131.6667;0.0000;0.0000;0.0000;
324;1314.19;7609.22;1785.74;3163.6667;65535.0000;3268.6667;105.0000;0.0000;0.0000;0.0000;
325;1315.03;7604.37;1790.60;3369.3333;65535.0000;3456.0000;86.6667;0.0000;0.0000;0.0000;
326;1315.87;7599.52;1795.44;3259.3333;65535.0000;3361.3333;102.0000;0.0000;0.0000;0.0000;
327;1316.71;7594.68;1800.29;3764.6667;65535.0000;3869.3333;104.6667;0.0000;0.0000;0.0000;
328;1317.55;7589.84;1805.12;2879.6667;65535.0000;2968.6667;89.0000;0.0000;0.0000;0.0000;
329;1318.39;7585.01;1809.95;3635.6667;65535.0000;3733.6667;98.0000;0.0000;0.0000;0.0000;
330;1319.23;7580.18;1814.78;3485.3333;65535.0000;3612.0000;126.6667;0.0000;0.0000;0.0000;
331;1320.07;7575.36;1819.60;3184.3333;65535.0000;3299.6667;115.3333;0.0000;0.0000;0.0000;
332;1320.91;7570.55;1824.42;3174.0000;65535.0000;3266.3333;92.3333;0.0000;0.0000;0.0000;
333;1321.75;7565.74;1829.23;3645.3333;65535.0000;3726.6667;81.3333;0.0000;0.0000;0.0000;
334;1322.59;7560.93;1834.03;3685.0000;65535.0000;3789.0000;104.0000;0.0000;0.0000;0.0000;
335;1323.43;7556.14;1838.83;3309.3333;65535.0000;3383.0000;73.6667;0.0000;0.0000;0.0000;
336;1324.27;7551.34;1843.62;3191.3333;65535.0000;3251.3333;60.0000;0.0000;0.0000;0.0000;
337;1325.11;7546.55;1848.41;3236.6667;65535.0000;3332.0000;95.3333;0.0000;0.0000;0.0000;
338;1325.95;7541.77;1853.19;3444.6667;65535.0000;3519.0000;74.3333;0.0000;0.0000;0.0000;
339;1326.79;7536.99;1857.97;3709.6667;65535.0000;3780.0000;70.3333;0.0000;0.0000;0.0000;
340;1327.63;7532.22;1862.74;3491.3333;65535.0000;3561.3333;70.0000;0.0000;0.0000;0.0000;
341;1328.47;7527.45;1867.51;3531.0000;65535.0000;3609.6667;78.6667;0.0000;0.0000;0.0000;
342;1329.31;7522.69;1872.27;3701.0000;65535.0000;3785.3333;84.3333;0.0000;0.0000;0.0000;
343;1330.15;7517.94;1877.03;3363.0000;65535.0000;3475.3333;112.3333;0.0000;0.0000;0.0000;
344;1330.99;7513.19;1881.78;3220.0000;65535.0000;3317.3333;97.3333;0.0000;0.0000;0.0000;
345;1331.83;7508.44;1886.52;3168.3333;65535.0000;3240.0000;71.6667;0.0000;0.0000;0.0000;
346;1332.68;7503.70;1891.27;3144.6667;65535.0000;3239.0000;94.3333;0.0000;0.0000;0.0000;
347;1333.52;7498.96;1896.00;3385.3333;65535.0000;3451.3333;66.0000;0.0000;0.0000;0.0000;
348;1334.36;7494.23;1900.73;3203.6667;65535.0000;3284.0000;80.3333;0.0000;0.0000;0.0000;
349;1335.20;7489.51;1905.46;3478.3333;65535.0000;3583.0000;104.6667;0.0000;0.0000;0.0000;
350;1336.04;7484.79;1910.18;2938.3333;65535.0000;2979.6667;41.3333;0.0000;0.0000;0.0000;
351;1336.89;7480.07;1914.89;3230.0000;65535.0000;3315.6667;85.6667;0.0000;0.0000;0.0000;
352;1337.73;7475.37;1919.60;3205.0000;65535.0000;3303.6667;98.6667;0.0000;0.0000;0.0000;
353;1338.57;7470.66;1924.30;3535.0000;65535.0000;3616.0000;81.0000;0.0000;0.0000;0.0000;
354;1339.41;7465.96;1929.00;2902.3333;65535.0000;2963.3333;61.0000;0.0000;0.0000;0.0000;
355;1340.25;7461.27;1933.70;3337.0000;65535.0000;3382.3333;45.3333;0.0000;0.0000;0.0000;
356;1341.10;7456.58;1938.38;3240.6667;65535.0000;3323.3333;82.6667;0.0000;0.0000;0.0000;
357;1341.94;7451.90;1943.07;3089.6667;65535.0000;3156.6667;67.0000;0.0000;0.0000;0.0000;
358;1342.78;7447.22;1947.75;3513.6667;65535.0000;3566.0000;52.3333;0.0000;0.0000;0.0000;
359;1343.63;7442.54;1952.42;3521.6667;65535.0000;3587.3333;65.6667;0.0000;0.0000;0.0000;
360;1344.47;7437.88;1957.09;3408.0000;65535.0000;3456.0000;48.0000;0.0000;0.0000;0.0000;
361;1345.31;7433.21;1961.75;3652.3333;65535.0000;3779.3333;127.0000;0.0000;0.0000;0.0000;
362;1346.16;7428.55;1966.41;3240.0000;65535.0000;3320.3333;80.3333;0.0000;0.0000;0.0000;
363;1347.00;7423.90;1971.06;3410.6667;65535.0000;3444.6667;34.0000;0.0000;0.0000;0.0000;
364;1347.84;7419.25;1975.71;3146.0000;65535.0000;3243.0000;97.0000;0.0000;0.0000;0.0000;
365;1348.69;7414.61;1980.35;3089.3333;65535.0000;3142.6667;53.3333;0.0000;0.0000;0.0000;
366;1349.53;7409.97;1984.99;2866.3333;65535.0000;2928.3333;62.0000;0.0000;0.0000;0.0000;
367;1350.38;7405.34;1989.62;3605.3333;65535.0000;3709.6667;104.3333;0.0000;0.0000;0.0000;
368;1351.22;7400.71;1994.25;3539.6667;65535.0000;3601.0000;61.3333;0.0000;0.0000;0.0000;
369;1352.07;7396.09;1998.88;3606.6667;65535.0000;3690.0000;83.3333;0.0000;0.0000;0.0000;
370;1352.91;7391.47;2003.49;3246.3333;65535.0000;3286.3333;40.0000;0.0000;0.0000;0.0000;
371;1353.76;7386.86;2008.11;3187.0000;65535.0000;3256.6667;69.6667;0.0000;0.0000;0.0000;
372;1354.60;7382.25;2012.71;3703.6667;65535.0000;3786.3333;82.6667;0.0000;0.0000;0.0000;
373;1355.45;7377.65;2017.32;3859.6667;65535.0000;3895.6667;36.0000;0.0000;0.0000;0.0000;
374;1356.29;7373.05;2021.92;3366.3333;65535.0000;3430.6667;64.3333;0.0000;0.0000;0.0000;
375;1357.14;7368.46;2026.51;3646.6667;65535.0000;3711.0000;64.3333;0.0000;0.0000;0.0000;
376;1357.98;7363.87;2031.10;3210.6667;65535.0000;3307.3333;96.6667;0.0000;0.0000;0.0000;
377;1358.83;7359.28;2035.68;3514.0000;65535.0000;3578.0000;64.0000;0.0000;0.0000;0.0000;
378;1359.67;7354.71;2040.26;3155.3333;65535.0000;3223.3333;68.0000;0.0000;0.0000;0.0000;
379;1360.52;7350.13;2044.83;3609.0000;65535.0000;3723.3333;114.3333;0.0000;0.0000;0.0000;
380;1361.37;7345.56;2049.40;3402.0000;65535.0000;3489.6667;87.6667;0.0000;0.0000;0.0000;
381;1362.21;7341.00;2053.96;3892.3333;65535.0000;3929.0000;36.6667;0.0000;0.0000;0.0000;
382;1363.06;7336.44;2058.52;3742.6667;65535.0000;3812.6667;70.0000;0.0000;0.0000;0.0000;
383;1363.91;7331.89;2063.08;3247.6667;65535.0000;3260.3333;12.6667;0.0000;0.0000;0.0000;
384;1364.75;7327.34;2067.63;3475.3333;65535.0000;3526.0000;50.6667;0.0000;0.0000;0.0000;
385;1365.60;7322.79;2072.17;2980.3333;65535.0000;3063.0000;82.6667;0.0000;0.0000;0.0000;
386;1366.45;7318.25;2076.71;3290.6667;65535.0000;3341.0000;50.3333;0.0000;0.0000;0.0000;
387;1367.29;7313.72;2081.24;3824.3333;65535.0000;3930.0000;105.6667;0.0000;0.0000;0.0000;
388;1368.14;7309.19;2085.77;3307.3333;65535.0000;3401.0000;93.6667;0.0000;0.0000;0.0000;
389;1368.99;7304.66;2090.30;3544.3333;65535.0000;3613.0000;68.6667;0.0000;0.0000;0.0000;
390;1369.84;7300.14;2094.82;3423.6667;65535.0000;3519.0000;95.3333;0.0000;0.0000;0.0000;
391;1370.68;7295.63;2099.34;3756.0000;65535.0000;3813.6667;57.6667;0.0000;0.0000;0.0000;
392;1371.53;7291.12;2103.85;3467.3333;65535.0000;3522.6667;55.3333;0.0000;0.0000;0.0000;
393;1372.38;7286.61;2108.35;3348.6667;65535.0000;3409.0000;60.3333;0.0000;0.0000;0.0000;
394;1373.23;7282.11;2112.85;2989.0000;65535.0000;3023.0000;34.0000;0.0000;0.0000;0.0000;
395;1374.08;7277.61;2117.35;3713.6667;65535.0000;3781.0000;67.3333;0.0000;0.0000;0.0000;
396;1374.93;7273.12;2121.84;3298.6667;65535.0000;3379.0000;80.3333;0.0000;0.0000;0.0000;
397;1375.77;7268.63;2126.33;3806.3333;65535.0000;3896.0000;89.6667;0.0000;0.0000;0.0000;
398;1376.62;7264.15;2130.81;3050.3333;65535.0000;3092.6667;42.3333;0.0000;0.0000;0.0000;
399;1377.47;7259.67;2135.29;3691.3333;65535.0000;3728.6667;37.3333;0.0000;0.0000;0.0000;
400;1378.32;7255.20;2139.76;3125.3333;65535.0000;3185.3333;60.0000;0.0000;0.0000;0.0000;
401;1379.17;7250.73;2144.23;3728.0000;65535.0000;3757.3333;29.3333;0.0000;0.0000;0.0000;
402;1380.02;7246.27;2148.69;3323.3333;65535.0000;3382.0000;58.6667;0.0000;0.0000;0.0000;
403;1380.87;7241.81;2153.15;3402.6667;65535.0000;3455.3333;52.6667;0.0000;0.0000;0.0000;
404;1381.72;7237.36;2157.61;3030.0000;65535.0000;3057.3333;27.3333;0.0000;0.0000;0.0000;
405;1382.57;7232.91;2162.06;3627.3333;65535.0000;3666.6667;39.3333;0.0000;0.0000;0.0000;
406;1383.42;7228.46;2166.50;3215.6667;65535.0000;3295.0000;79.3333;0.0000;0.0000;0.0000;
407;1384.27;7224.02;2170.94;3845.6667;65535.0000;3855.6667;10.0000;0.0000;0.0000;0.0000;
408;1385.12;7219.59;2175.38;3200.3333;65535.0000;3256.3333;56.0000;0.0000;0.0000;0.0000;
409;1385.97;7215.15;2179.81;3665.0000;65535.0000;3714.0000;49.0000;0.0000;0.0000;0.0000;
410;1386.82;7210.73;2184.24;3721.6667;65535.0000;3787.0000;65.3333;0.0000;0.0000;0.0000;
411;1387.67;7206.31;2188.66;3733.6667;65535.0000;3769.6667;36.0000;0.0000;0.0000;0.0000;
412;1388.52;7201.89;2193.08;3223.6667;65535.0000;3259.3333;35.6667;0.0000;0.0000;0.0000;
413;1389.38;7197.47;2197.49;3797.3333;65535.0000;3880.0000;82.6667;0.0000;0.0000;0.0000;
414;1390.23;7193.07;2201.90;3112.3333;65535.0000;3150.0000;37.6667;0.0000;0.0000;0.0000;
415;1391.08;7188.66;2206.30;3537.0000;65535.0000;3567.0000;30.0000;0.0000;0.0000;0.0000;
416;1391.93;7184.26;2210.70;3166.0000;65535.0000;3199.6667;33.6667;0.0000;0.0000;0.0000;
417;1392.78;7179.87;2215.10;3226.6667;65535.0000;3258.3333;31.6667;0.0000;0.0000;0.0000;
418;1393.64;7175.48;2219.49;3041.0000;65535.0000;3082.3333;41.3333;0.0000;0.0000;0.0000;
419;1394.49;7171.09;2223.87;3622.3333;65535.0000;3692.6667;70.3333;0.0000;0.0000;0.0000;
420;1395.34;7166.71;2228.25;3666.6667;65535.0000;3719.0000;52.3333;0.0000;0.0000;0.0000;
421;1396.19;7162.33;2232.63;3973.3333;65535.0000;4024.6667;51.3333;0.0000;0.0000;0.0000;
422;1397.05;7157.96;2237.00;3585.6667;65535.0000;3613.6667;28.0000;0.0000;0.0000;0.0000;
423;1397.90;7153.59;2241.37;3548.3333;65535.0000;3629.0000;80.6667;0.0000;0.0000;0.0000;
424;1398.75;7149.23;2245.73;3061.0000;65535.0000;3120.0000;59.0000;0.0000;0.0000;0.0000;
425;1399.61;7144.87;2250.09;3509.3333;65535.0000;3539.0000;29.6667;0.0000;0.0000;0.0000;
426;1400.46;7140.52;2254.45;3370.6667;65535.0000;3399.3333;28.6667;0.0000;0.0000;0.0000;
427;1401.31;7136.17;2258.80;3742.0000;65535.0000;3742.3333;0.3333;0.0000;0.0000;0.0000;
428;1402.17;7131.82;2263.14;3011.3333;65535.0000;3037.0000;25.6667;0.0000;0.0000;0.0000;
429;1403.02;7127.48;2267.48;3745.6667;65535.0000;3790.3333;44.6667;0.0000;0.0000;0.0000;
430;1403.87;7123.14;2271.82;3032.3333;65535.0000;3043.6667;11.3333;0.0000;0.0000;0.0000;
431;1404.73;7118.81;2276.15;3629.6667;65535.0000;3685.6667;56.0000;0.0000;0.0000;0.0000;
432;1405.58;7114.48;2280.48;2763.0000;65535.0000;2791.0000;28.0000;0.0000;0.0000;0.0000;
433;1406.44;7110.16;2284.80;3272.0000;65535.0000;3233.6667;-38.3333;0.0000;0.0000;0.0000;
434;1407.29;7105.84;2289.12;3115.6667;65535.0000;3176.3333;60.6667;0.0000;0.0000;0.0000;
435;1408.15;7101.53;2293.44;3316.0000;65535.0000;3299.3333;-16.6667;0.0000;0.0000;0.0000;
436;1409.00;7097.22;2297.75;3395.6667;65535.0000;3413.0000;17.3333;0.0000;0.0000;0.0000;
437;1409.86;7092.91;2302.06;3477.6667;65535.0000;3500.0000;22.3333;0.0000;0.0000;0.0000;
438;1410.71;7088.61;2306.36;3431.3333;65535.0000;3451.6667;20.3333;0.0000;0.0000;0.0000;
439;1411.57;7084.31;2310.65;3437.6667;65535.0000;3420.3333;-17.3333;0.0000;0.0000;0.0000;
440;1412.43;7080.02;2314.95;3061.6667;65535.0000;3112.3333;50.6667;0.0000;0.0000;0.0000;
441;1413.28;7075.73;2319.24;3474.3333;65535.0000;3485.0000;10.6667;0.0000;0.0000;0.0000;
442;1414.14;7071.44;2323.52;3303.0000;65535.0000;3314.3333;11.3333;0.0000;0.0000;0.0000;
443;1414.99;7067.16;2327.80;4176.6667;65535.0000;4173.3333;-3.3333;0.0000;0.0000;0.0000;
444;1415.85;7062.89;2332.08;3213.6667;65535.0000;3186.6667;-27.0000;0.0000;0.0000;0.0000;
445;1416.71;7058.62;2336.35;3411.3333;65535.0000;3406.3333;-5.0000;0.0000;0.0000;0.0000;
446;1417.57;7054.35;2340.62;3308.6667;65535.0000;3300.6667;-8.0000;0.0000;0.0000;0.0000;
447;1418.42;7050.09;2344.88;3744.6667;65535.0000;3752.0000;7.3333;0.0000;0.0000;0.0000;
448;1419.28;7045.83;2349.14;3290.6667;65535.0000;3305.0000;14.3333;0.0000;0.0000;0.0000;
449;1420.14;7041.57;2353.39;3395.0000;65535.0000;3430.0000;35.0000;0.0000;0.0000;0.0000;
450;1421.00;7037.32;2357.64;3114.0000;65535.0000;3086.6667;-27.3333;0.0000;0.0000;0.0000;
451;1421.85;7033.08;2361.89;3543.3333;65535.0000;3501.6667;-41.6667;0.0000;0.0000;0.0000;
452;1422.71;7028.83;2366.13;3159.3333;65535.0000;3143.6667;-15.6667;0.0000;0.0000;0.0000;
453;1423.57;7024.60;2370.37;3235.3333;65535.0000;3203.3333;-32.0000;0.0000;0.0000;0.0000;
454;1424.43;7020.36;2374.60;3333.0000;65535.0000;3350.6667;17.6667;0.0000;0.0000;0.0000;
455;1425.29;7016.13;2378.83;3842.0000;65535.0000;3868.3333;26.3333;0.0000;0.0000;0.0000;
456;1426.15;7011.91;2383.06;3148.6667;65535.0000;3127.3333;-21.3333;0.0000;0.0000;0.0000;
457;1427.00;7007.69;2387.28;3350.6667;65535.0000;3383.3333;32.6667;0.0000;0.0000;0.0000;
458;1427.86;7003.47;2391.49;2986.6667;65535.0000;2997.3333;10.6667;0.0000;0.0000;0.0000;
459;1428.72;6999.26;2395.71;3760.6667;65535.0000;3744.6667;-16.0000;0.0000;0.0000;0.0000;
460;1429.58;6995.05;2399.92;3488.3333;65535.0000;3527.6667;39.3333;0.0000;0.0000;0.0000;
461;1430.44;6990.84;2404.12;3481.6667;65535.0000;3461.6667;-20.0000;0.0000;0.0000;0.0000;
462;1431.30;6986.64;2408.32;3287.0000;65535.0000;3291.3333;4.3333;0.0000;0.0000;0.0000;
463;1432.16;6982.45;2412.52;3257.6667;65535.0000;3252.0000;-5.6667;0.0000;0.0000;0.0000;
464;1433.02;6978.26;2416.71;3255.0000;65535.0000;3250.0000;-5.0000;0.0000;0.0000;0.0000;
465;1433.88;6974.07;2420.90;3552.3333;65535.0000;3560.6667;8.3333;0.0000;0.0000;0.0000;
466;1434.74;6969.88;2425.08;3543.0000;65535.0000;3534.3333;-8.6667;0.0000;0.0000;0.0000;
467;1435.60;6965.71;2429.26;3664.3333;65535.0000;3679.0000;14.6667;0.0000;0.0000;0.0000;
468;1436.47;6961.53;2433.43;3263.0000;65535.0000;3310.3333;47.3333;0.0000;0.0000;0.0000;
469;1437.33;6957.36;2437.61;3790.0000;65535.0000;3780.3333;-9.6667;0.0000;0.0000;0.0000;
470;1438.19;6953.19;2441.77;3290.0000;65535.0000;3274.0000;-16.0000;0.0000;0.0000;0.0000;
471;1439.05;6949.03;2445.94;3073.6667;65535.0000;3050.0000;-23.6667;0.0000;0.0000;0.0000;
472;1439.91;6944.87;2450.10;3437.0000;65535.0000;3425.3333;-11.6667;0.0000;0.0000;0.0000;
473;1440.77;6940.71;2454.25;3597.6667;65535.0000;3631.0000;33.3333;0.0000;0.0000;0.0000;
474;1441.64;6936.56;2458.40;2730.3333;65535.0000;2728.6667;-1.6667;0.0000;0.0000;0.0000;
475;1442.50;6932.42;2462.55;3298.0000;65535.0000;3350.3333;52.3333;0.0000;0.0000;0.0000;
476;1443.36;6928.27;2466.69;2959.6667;65535.0000;2942.0000;-17.6667;0.0000;0.0000;0.0000;
477;1444.22;6924.13;2470.83;3011.6667;65535.0000;3035.0000;23.3333;0.0000;0.0000;0.0000;
478;1445.09;6920.00;2474.97;3325.3333;65535.0000;3332.6667;7.3333;0.0000;0.0000;0.0000;
479;1445.95;6915.87;2479.10;3165.0000;65535.0000;3135.3333;-29.6667;0.0000;0.0000;0.0000;
480;1446.81;6911.74;2483.22;3093.0000;65535.0000;3117.6667;24.6667;0.0000;0.0000;0.0000;
481;1447.68;6907.62;2487.35;3450.6667;65535.0000;3478.3333;27.6667;0.0000;0.0000;0.0000;
482;1448.54;6903.50;2491.47;3388.0000;65535.0000;3370.6667;-17.3333;0.0000;0.0000;0.0000;
483;1449.40;6899.38;2495.58;3475.3333;65535.0000;3478.6667;3.3333;0.0000;0.0000;0.0000;
484;1450.27;6895.27;2499.69;3184.6667;65535.0000;3154.3333;-30.3333;0.0000;0.0000;0.0000;
485;1451.13;6891.16;2503.80;3478.0000;65535.0000;3492.6667;14.6667;0.0000;0.0000;0.0000;
486;   ;   ;   ;3539.0000;65535.0000;3555.0000;16.0000;0.0000;0.0000;0.0000;
487;   ;   ;   ;3560.3333;65535.0000;3516.6667;-43.6667;0.0000;0.0000;0.0000;
488;   ;   ;   ;3261.6667;65535.0000;3267.3333;5.6667;0.0000;0.0000;0.0000;
489;   ;   ;   ;3273.6667;65535.0000;3208.0000;-65.6667;0.0000;0.0000;0.0000;
490;   ;   ;   ;3596.6667;65535.0000;3587.6667;-9.0000;0.0000;0.0000;0.0000;
491;   ;   ;   ;3485.3333;65535.0000;3515.0000;29.6667;0.0000;0.0000;0.0000;
492;   ;   ;   ;3230.0000;65535.0000;3204.6667;-25.3333;0.0000;0.0000;0.0000;
493;   ;   ;   ;3552.3333;65535.0000;3564.3333;12.0000;0.0000;0.0000;0.0000;
494;   ;   ;   ;3292.3333;65535.0000;3290.3333;-2.0000;0.0000;0.0000;0.0000;
495;   ;   ;   ;3360.0000;65535.0000;3381.3333;21.3333;0.0000;0.0000;0.0000;
496;   ;   ;   ;2823.3333;65535.0000;2834.6667;11.3333;0.0000;0.0000;0.0000;
497;   ;   ;   ;3641.6667;65535.0000;3608.3333;-33.3333;0.0000;0.0000;0.0000;
498;   ;   ;   ;2848.0000;65535.0000;2846.0000;-2.0000;0.0000;0.0000;0.0000;
499;   ;   ;   ;3148.3333;65535.0000;3157.6667;9.3333;0.0000;0.0000;0.0000;
500;   ;   ;   ;3134.0000;65535.0000;3135.3333;1.3333;0.0000;0.0000;0.0000;
501;   ;   ;   ;3144.6667;65535.0000;3147.6667;3.0000;0.0000;0.0000;0.0000;
502;   ;   ;   ;3152.6667;65535.0000;3178.3333;25.6667;0.0000;0.0000;0.0000;
503;   ;   ;   ;3511.6667;65535.0000;3508.0000;-3.6667;0.0000;0.0000;0.0000;
504;   ;   ;   ;3398.3333;65535.0000;3438.0000;39.6667;0.0000;0.0000;0.0000;
505;   ;   ;   ;3284.0000;65535.0000;3304.0000;20.0000;0.0000;0.0000;0.0000;
506;   ;   ;   ;3022.3333;65535.0000;3071.6667;49.3333;0.0000;0.0000;0.0000;
507;   ;   ;   ;3202.6667;65535.0000;3166.6667;-36.0000;0.0000;0.0000;0.0000;
508;   ;   ;   ;2638.0000;65535.0000;2624.3333;-13.6667;0.0000;0.0000;0.0000;
509;   ;   ;   ;3051.0000;65535.0000;3043.0000;-8.0000;0.0000;0.0000;0.0000;
510;   ;   ;   ;3214.6667;65535.0000;3222.6667;8.0000;0.0000;0.0000;0.0000;
511;   ;   ;   ;3602.3333;65535.0000;3669.6667;67.3333;0.0000;0.0000;0.0000;
